0
1
1752
1211
1387
3086
824
2369
2041
1972
1096
3061
1730
47
2549
3031
134
908
2100
615
3023
1188
2558
2037
1639
2211
1519
2138
1075
1912
1726
1629
1992
1853
180
921
46
1350
891
1956
642
3199
2557
706
678
1086
2825
501
624
2906
538
368
529
1802
1962
2653
1794
1175
436
1725
1097
610
2502
3216
1577
2790
524
641
1759
28
325
669
3000
1486
1877
597
2726
3123
3165
1307
2933
2718
1859
2680
2159
2310
1906
604
1345
99
1668
1421
2910
589
1609
119
494
1632
2570
281
1773
1313
1369
2923
2170
3179
1696
690
745
2271
2235
2185
612
1627
2412
1230
884
2160
2578
1107
1542
487
1830
855
2789
1516
2546
2354
1922
1454
3017
2582
3109
2085
1181
2548
719
2848
561
2860
392
2140
1742
1615
2375
207
907
1662
543
918
1685
2888
811
2727
1260
3012
485
1958
900
3180
1379
2017
2960
698
1337
2414
1044
2306
3191
2209
2637
405
2856
429
1017
399
2816
457
2099
2334
2937
2823
182
1586
3112
1996
601
2241
3025
2044
1576
455
2277
2194
1292
205
2304
414
896
2391
2616
331
1713
95
2835
1765
24
1578
3065
909
2382
953
265
1909
2971
2907
2341
2132
2202
1998
557
647
248
93
2101
2008
2231
434
293
1544
1782
2576
161
1453
1710
712
155
1840
2897
1184
2029
375
2945
304
2257
2807
1081
3041
1265
2781
1739
2857
2285
2033
2133
865
1791
291
3037
713
3062
786
697
3177
2596
212
2863
268
3225
2394
2556
2626
2051
875
1177
1202
40
511
2803
2019
1388
1777
2233
3054
32
1857
605
279
129
49
568
989
1661
3089
2124
1832
834
826
1535
1982
391
1053
131
2640
1585
854
2563
1020
2614
2851
768
1129
2674
2956
203
2499
2329
1059
901
902
957
1476
115
2344
188
461
822
2131
1732
358
564
3227
2443
1441
2095
2763
775
3212
267
1400
67
1083
1533
1257
2261
2350
1552
1276
401
251
720
263
74
868
2113
1880
1527
2115
2656
1291
1921
3197
2639
1351
2030
1402
1525
733
1386
845
2119
1378
2227
2918
1370
2765
913
2573
2157
1511
170
2421
1842
1518
3015
5
3084
2042
484
1305
297
320
1824
491
1136
1851
1787
3215
2297
3195
2071
189
1205
2204
952
1346
1557
576
1032
96
1532
2550
19
13
441
466
3100
917
1932
94
2694
2287
1428
1907
1961
3128
1646
3172
62
3033
1089
3217
1988
1495
1149
1736
935
1584
2390
1547
2731
1756
1994
1781
1274
1612
1286
2779
1798
2741
512
2615
15
2495
613
1258
2522
1482
2300
1504
2219
1827
3117
2486
801
708
1285
1130
2162
2252
2719
1349
3221
1422
379
1905
2967
477
2015
2176
1741
2023
701
1672
3005
2571
2396
3110
305
1465
471
906
2607
3208
3081
722
1675
691
181
438
1242
2487
780
1201
866
969
2283
1408
2901
2469
2436
2830
1822
2272
2251
308
2539
1119
1238
2239
1077
572
3047
2507
2303
1472
2111
1651
2594
1430
2862
584
1593
1635
751
2026
2149
832
1087
1283
407
2107
193
1372
1489
2395
558
749
2683
244
1221
2301
2187
2302
2964
2105
3162
760
386
852
560
1364
3158
475
286
73
3226
2039
1103
949
1066
2192
2769
1395
625
238
2931
2356
1790
2641
2605
2541
3073
424
372
2547
3119
1440
65
2838
2528
239
3085
3057
2001
2154
2697
1966
222
2307
2869
3213
2046
3182
3202
2770
2090
314
3006
1890
2562
916
2972
2309
2424
402
1800
2247
3200
2643
608
255
2645
1755
231
225
2879
1579
26
493
766
1737
362
3135
2859
3126
848
796
2600
204
1970
1019
2785
938
1034
2873
778
252
2843
736
2655
1918
1459
1438
2630
1940
1910
1294
14
3150
2063
1893
2420
1131
2877
640
2892
2212
985
2701
975
1769
3173
2728
2004
472
2232
1556
2186
2773
996
1828
2878
2462
2426
1634
591
1110
847
636
1591
1010
151
2924
1549
3103
991
1458
64
831
570
140
1690
2602
328
2254
1226
351
191
2599
2566
703
1613
1215
462
1837
1025
1605
1965
136
39
2734
1588
1505
338
1901
396
2587
260
2815
2457
914
1342
1526
715
1394
289
2903
2959
2552
1004
264
2438
743
2706
840
963
2238
1354
1945
1246
859
2474
517
1094
2220
2920
381
2678
1650
404
509
3129
287
650
23
2010
250
2791
2509
2294
4
825
1735
1886
157
922
232
629
1721
3064
1320
1331
1344
1444
3144
254
1616
1977
77
253
627
1280
2806
794
1325
2492
533
1317
2288
966
1248
1362
3048
11
937
1206
2366
2909
1171
1335
2466
2445
2047
456
850
817
968
76
2434
674
2844
2827
2824
958
772
145
2681
3178
1876
1716
1318
2993
520
3016
483
3146
861
3038
2215
2941
2454
1137
2002
2747
1810
1375
2755
2226
3075
321
1900
3189
2927
3050
1892
1935
1760
1997
1683
458
1637
1065
752
1035
1597
510
1145
2122
1506
2452
1030
2222
1469
1254
2774
545
1488
1090
198
3105
369
1929
2034
1848
714
467
1426
1278
2934
1815
1289
2904
980
3143
2833
1154
1316
1227
1269
1483
318
319
1381
416
2076
224
1619
620
2836
2343
1785
2266
1359
365
2867
1282
3155
113
1570
1622
214
234
2346
447
791
621
2950
230
1817
2177
2574
1152
2893
1164
339
1981
2802
1244
785
1479
1702
125
1868
1607
201
1934
3090
1243
1949
1104
2181
2753
2172
1590
1008
3077
2801
645
2874
1513
2581
928
2820
2845
782
246
895
1436
10
823
696
1358
2205
1115
2195
915
977
2911
2370
777
707
3142
905
2468
569
1462
316
2035
2670
841
1933
2269
2433
1490
920
278
1554
1155
2464
175
1296
2373
1528
2234
3071
2702
2544
955
1487
363
433
595
2997
37
2200
276
1308
3167
2048
312
1330
1971
2148
1173
2418
721
2
2725
2717
2938
579
2953
565
1290
810
2866
1037
1099
349
2065
3095
3147
2166
661
2163
1850
59
72
1974
2243
2427
3153
1659
2250
2161
2323
644
3018
423
3074
1273
1540
787
857
648
82
567
3154
223
2951
729
1836
1266
2814
2660
187
1862
881
3106
1804
2142
2611
1666
1904
197
1625
3039
2930
163
2839
3060
1250
2648
2883
497
3067
2622
732
2380
2179
1821
3034
2720
519
1881
1553
1667
730
1475
2340
474
1695
530
2757
2494
575
1652
2291
29
1521
451
541
3004
1153
2260
1319
3132
3190
1141
1809
2524
668
1592
3096
862
2355
3176
886
88
2191
1499
2813
2733
1788
2575
3125
710
2246
1954
3152
2534
1108
3080
2404
2822
70
1420
609
122
2197
2850
3224
167
951
3020
2491
2651
1911
2377
804
754
718
2793
1140
2025
725
941
3055
2962
3079
911
1671
2127
2577
1092
2016
3149
1180
2885
897
833
1731
2986
1287
534
984
2477
614
581
2406
1398
523
2569
2428
3069
1172
2881
649
1819
307
1139
1924
925
518
574
3188
1534
688
1219
1220
2441
1264
2553
1814
1195
885
3101
1919
142
2743
2207
1425
535
2183
2360
378
298
880
2811
1559
1127
606
1427
1151
1784
177
1711
587
1302
3007
1568
528
816
2193
311
290
679
525
2444
337
2345
971
2109
556
1818
2886
1843
1051
1015
50
2808
1749
3022
1169
2165
3136
1602
1778
1786
1829
488
672
1630
723
2485
1012
275
1088
272
2948
2682
1963
22
1816
1878
2116
2635
2738
3198
2506
2230
1249
728
2098
846
869
2617
735
343
997
1055
165
284
755
1766
1897
1510
69
342
3115
1740
2711
2435
1377
1166
2916
3130
257
380
2662
294
673
2359
2290
2633
2531
1306
2273
1595
1176
3049
2074
245
1569
479
1082
2293
3203
844
2529
2155
1767
1658
693
1938
2000
2787
2330
1823
2405
1530
1986
944
2009
695
602
808
2190
2321
1563
387
872
836
1687
1121
3230
1165
2120
1167
586
1529
1069
1125
2679
2475
1776
2184
1361
623
1783
100
111
63
346
643
2206
2470
1062
870
2876
871
2805
1098
2685
654
174
1753
2415
92
1515
2224
1240
974
682
449
1633
48
1384
2086
1762
1978
3116
3206
334
1826
1366
2005
1174
421
1589
2173
1485
1116
2483
1016
2768
241
2263
2730
435
2050
1895
2472
1796
2496
1865
2996
537
934
562
1539
1930
1392
2991
102
2900
1413
1555
757
1541
2998
993
243
793
1770
3094
2431
1509
2110
1373
112
1980
1179
547
2268
1669
1023
3098
2055
256
2128
209
2384
583
1432
2070
3013
1334
2821
665
2687
2783
753
2580
2849
2419
206
58
1653
717
2021
1623
1834
2228
393
544
1560
2752
2794
141
2880
1234
2601
1514
3113
773
2595
498
762
3014
1297
2693
2274
2073
549
1709
2667
784
2729
1500
1190
783
150
1545
2011
1536
2279
2121
109
469
2818
542
453
249
1193
700
301
146
2737
259
482
2077
770
2339
2153
2788
2175
2036
1339
1348
473
1045
830
919
1923
1064
666
1682
190
2489
2459
2087
258
2357
1209
1161
2603
2351
437
335
1367
2517
2083
2091
2744
1952
2075
898
52
106
2598
1434
2430
2712
3192
2255
2634
2889
1389
1573
835
988
1213
270
2872
2413
2286
3107
85
2493
2089
1763
1772
526
1363
1360
1873
1870
2707
1461
1470
1144
740
3148
126
947
820
361
2963
2020
2245
2398
1660
1844
344
599
978
41
521
803
1799
635
3127
3181
2335
1158
1281
489
1142
1150
716
1866
2898
2796
882
630
2072
2024
876
2975
1146
774
744
3043
1551
2567
2169
1310
2314
2403
2188
2760
1885
1894
1197
1058
445
1080
894
2463
1156
2751
2974
496
3087
2932
2533
2040
2984
2780
2691
415
2764
3124
1112
954
1697
1222
1688
3083
2450
2043
1733
504
2449
566
1524
2684
1160
959
540
1936
219
2471
2735
638
2460
120
1719
632
1999
353
3092
439
481
1673
2689
2840
1005
1399
1610
1212
2516
1580
3175
3027
814
384
653
2480
450
546
2568
412
1899
220
1163
1801
2650
849
3024
1105
2977
1178
135
2210
1564
965
2686
2054
1253
3121
1860
1123
1724
802
139
1463
2440
2990
2240
235
1692
2476
1678
1820
333
3131
242
1841
1303
1694
2671
2299
2696
237
1368
737
1437
761
1338
1183
2798
503
970
2992
465
2217
750
2117
1748
1060
1644
2812
2059
1228
1867
1407
2899
27
117
1255
1471
1147
1849
3185
1600
2784
2551
2259
1993
1009
1718
3141
818
1480
3059
2579
548
2135
428
2362
357
2363
2171
763
1027
2590
2887
3170
3122
3133
1450
2610
1872
1049
1457
758
554
2108
2164
1704
2647
2066
1113
2068
3
2112
1546
2397
2361
2846
1670
912
1043
2425
2631
2538
1224
2289
1247
1703
828
1410
903
446
1233
1295
2540
1575
1466
1078
704
2389
30
940
2151
2754
1664
2988
1159
184
2057
1638
960
1927
702
600
943
874
2560
2939
571
2853
2976
103
317
2067
1856
798
522
1493
118
2891
3164
1723
1336
1467
2478
2949
3068
2178
2236
2890
2498
616
2364
2387
1135
2505
1984
1003
727
35
495
598
1117
1355
1417
3211
1270
551
285
2961
2145
2958
2221
748
2510
1603
2561
2745
1404
1447
1455
1631
97
1068
2064
211
1484
425
3183
2218
2182
1390
347
1415
2677
1124
2262
888
2896
789
2708
2554
2943
2922
1040
2417
2705
1665
226
1931
2646
1522
3056
1449
2082
1806
2627
2106
1674
422
2353
2935
2855
873
1050
2698
1808
1026
490
3091
1314
132
2348
2038
1419
680
1969
792
2013
2014
2545
1699
45
2659
2715
2308
1309
2094
2926
1414
2584
352
2061
164
805
664
2710
1835
827
2652
2619
756
2249
2699
1946
247
1502
2400
2336
348
2053
84
1217
2141
656
1106
1562
2322
154
271
178
2292
2508
1208
2093
440
2515
2479
2429
856
1322
582
742
213
2282
3066
9
383
1036
3111
2624
1813
3163
411
829
153
2125
699
81
1279
987
2523
108
658
1445
500
420
1734
1042
3145
2347
57
878
2371
137
1641
2565
709
1424
2092
43
101
1914
973
2080
229
2692
2782
1712
3204
942
1581
2658
739
476
2703
1538
2759
893
1758
2503
1566
1680
1352
2714
513
199
1412
1054
853
2501
611
166
2736
350
585
1983
173
394
3070
303
194
1608
3036
1329
1567
622
1091
1429
127
2352
1371
3046
573
419
1967
1397
2504
282
3010
79
2666
3151
2585
2376
2446
1693
1960
159
2810
215
2589
910
1072
983
1574
80
806
990
1259
3161
3174
1383
1070
2572
1067
86
138
1168
2884
2134
2196
367
2423
1943
2668
280
2654
295
516
508
3231
2512
815
2060
1085
1262
1903
2921
1185
66
1925
2957
1033
3196
236
2638
2800
2870
1746
2278
689
531
162
999
1705
860
1937
3058
769
2078
1679
2955
2313
1743
800
964
1300
2392
563
1198
2917
1771
2664
765
2328
91
2526
2456
863
322
2256
2318
1038
2118
1028
1875
2537
2410
3223
1797
2338
2987
2451
388
413
2305
652
1720
359
2588
432
156
2225
1643
1061
480
1052
2129
1284
1990
143
1299
3032
1626
1365
3108
1531
1754
2448
1989
431
1252
2894
2069
340
2081
659
1056
1416
3003
283
2612
2442
2786
887
2999
3019
1611
1663
3120
78
1951
366
2868
1874
967
1448
890
397
2613
1614
3009
1157
2817
1852
2914
2915
1750
1964
2006
1917
2079
400
90
2253
329
1944
1418
299
1955
1807
2766
2519
1385
1199
1304
2864
128
3035
2143
1745
2688
459
1979
1764
1011
2203
781
1727
1111
2088
2723
1636
2198
2481
2168
1596
2775
1550
1236
1473
1298
1341
183
306
44
1333
2912
158
1007
478
1858
1423
486
1231
2096
779
292
1018
195
2372
87
2750
217
2713
240
1915
1517
1357
55
552
3088
2461
2275
409
406
389
2559
799
3157
2265
2416
2383
2777
1186
788
767
1898
2062
324
867
2027
2296
3222
185
1871
1985
2267
945
1916
2700
741
1908
2439
427
1953
2606
2980
3156
1256
1617
2979
89
1789
1889
1902
1913
169
1512
2604
3001
2311
3076
1347
1498
2408
3229
939
724
442
2983
1223
3210
2583
2946
104
2724
2829
1583
555
2852
313
1013
2139
2716
759
2374
1987
1288
1879
995
2270
2393
527
2490
795
2969
2229
681
274
330
2944
1839
2518
1707
1891
2319
776
418
2973
646
2837
1332
2895
1728
1645
499
3194
3097
1268
1628
2208
1396
2771
2018
1620
2530
667
634
3042
2882
2007
979
2905
631
1543
3093
2663
2402
3169
1775
2242
130
1684
309
3082
2223
1642
2597
2386
2123
2642
1599
807
771
355
1405
2237
460
1047
1677
1001
2761
1229
505
60
1464
2258
532
2248
1021
341
2593
356
2102
813
1340
1170
83
3219
1939
1323
1293
603
1795
1774
1315
578
2497
390
2981
2455
360
2199
2295
448
2214
1263
3029
633
2437
2385
107
374
98
2871
1496
2467
2740
3207
1654
354
3008
3002
1478
588
2978
2625
590
33
986
1433
2831
809
924
261
2317
671
1343
227
2919
1143
463
31
51
1187
20
364
926
3011
1267
536
1079
1232
176
148
2994
705
395
3168
1793
114
686
2861
2809
160
692
628
592
1443
877
302
2995
2608
1838
464
1041
2167
2284
2130
1194
7
3160
2947
2758
75
1869
2673
2381
2847
2473
71
1128
269
931
1046
932
2012
2989
550
2484
2675
838
1744
1861
3040
1126
2826
1950
2146
2401
1084
1207
2482
1598
1640
2649
371
1803
639
1582
1122
1761
930
726
186
2661
2156
994
1995
2114
694
2925
982
961
1411
403
797
764
332
1825
950
2264
2367
2032
2453
746
1991
2795
3052
2542
1558
2511
152
25
626
2327
2762
1768
2928
123
837
662
228
1561
2532
1210
1492
1057
1218
2756
266
1328
2854
1811
12
1884
514
981
1071
2103
1948
2525
2432
747
116
1406
1014
1729
933
1751
711
1975
2620
738
3218
618
2721
492
1435
454
1947
1621
1959
1452
1239
1477
502
1686
843
1649
2298
1497
2084
1738
1245
16
2144
200
3171
61
1587
105
1272
1326
1805
946
539
3139
1301
2316
133
2767
2792
3220
3214
683
1701
3137
2201
2657
1676
1887
2281
1029
2028
3044
1162
38
936
18
1446
1382
2097
2742
1409
2913
2936
1928
2749
1191
149
3228
218
1715
1391
812
3063
1722
1076
660
2320
468
1863
315
1006
1855
1114
2388
1847
2500
1708
1831
1203
1882
594
36
1312
1942
577
1118
1706
1353
1120
2365
3159
2970
2513
2982
2832
1957
1681
883
972
1976
1700
2150
3166
1833
2966
21
2458
470
1138
1792
790
6
2669
2875
1501
1102
2411
2772
3045
889
3118
1757
2276
2331
2332
2174
904
734
3030
277
559
2104
2465
382
619
2213
670
2379
1648
593
3102
2180
2842
1251
1698
2407
2399
1401
1109
144
1572
2244
2665
3184
3104
2954
2628
1376
3201
179
1000
1456
1845
1214
430
2722
3193
2031
2056
2358
1182
607
677
839
8
2965
370
3021
637
56
2536
2447
171
2520
196
2942
1442
2368
1100
1200
948
376
1494
452
1968
192
2152
426
976
2929
288
2858
1204
2049
336
1393
3078
2521
1523
1780
3072
657
1451
1689
2940
2799
1002
1225
1132
3140
2985
2586
2676
1235
1031
1101
892
326
262
1324
2968
2280
851
2324
168
1655
3209
1468
398
3138
1520
2902
617
842
2337
2819
929
3028
1941
1039
956
2778
1657
1189
208
992
2632
1237
121
1647
3051
410
296
899
1134
2776
417
2834
2216
2804
377
2828
596
1024
42
927
2189
819
1896
2535
273
1216
1854
53
2333
1275
2748
221
1973
506
2422
345
1548
2315
2690
1571
2326
3026
858
1618
1491
1093
2841
373
2672
385
2514
685
2052
1148
124
651
216
1779
1311
879
687
1717
444
2378
1403
2746
1691
2126
655
1073
2349
2003
821
1606
2621
1048
998
962
2488
2543
1537
54
1063
310
1864
1920
1460
2952
663
1601
2739
3114
1624
2644
323
1812
1565
3134
1888
2629
1327
923
1074
553
1374
515
300
1926
68
110
507
2636
1356
1747
233
2564
2908
3205
1474
2592
2709
443
1656
17
731
2623
2136
1508
2797
2058
1439
580
1271
1431
2704
2865
2695
327
2609
2732
408
2147
2555
2527
676
34
2591
1277
2342
1883
3187
2312
3053
1380
1241
1604
1507
1321
2158
1095
1714
1022
1594
1196
675
2045
210
2618
1133
2325
3099
202
684
3186
1503
172
2137
1261
1192
864
2409
147
1846
2022
1481
3232
0
1
1752
1211
1387
3086
824
2369
2041
1972
1096
3061
1730
47
2549
3031
134
908
2100
615
3023
1188
2558
2037
1639
2211
1519
2138
1075
1912
1726
1629
1992
1853
180
921
46
1350
891
1956
642
3199
2557
706
678
1086
2825
501
624
2906
538
368
529
1802
1962
2653
1794
1175
436
1725
1097
610
2502
3216
1577
2790
524
641
1759
28
325
669
3000
1486
1877
597
2726
3123
3165
1307
2933
2718
1859
2680
2159
2310
1906
604
1345
99
1668
1421
2910
589
1609
119
494
1632
2570
281
1773
1313
1369
2923
2170
3179
1696
690
745
2271
2235
2185
612
1627
2412
1230
884
2160
2578
1107
1542
487
1830
855
2789
1516
2546
2354
1922
1454
3017
2582
3109
2085
1181
2548
719
2848
561
2860
392
2140
1742
1615
2375
207
907
1662
543
918
1685
2888
811
2727
1260
3012
485
1958
900
3180
1379
2017
2960
698
1337
2414
1044
2306
3191
2209
2637
405
2856
429
1017
399
2816
457
2099
2334
2937
2823
182
1586
3112
1996
601
2241
3025
2044
1576
455
2277
2194
1292
205
2304
414
896
2391
2616
331
1713
95
2835
1765
24
1578
3065
909
2382
953
265
1909
2971
2907
2341
2132
2202
1998
557
647
248
93
2101
2008
2231
434
293
1544
1782
2576
161
1453
1710
712
155
1840
2897
1184
2029
375
2945
304
2257
2807
1081
3041
1265
2781
1739
2857
2285
2033
2133
865
1791
291
3037
713
3062
786
697
3177
2596
212
2863
268
3225
2394
2556
2626
2051
875
1177
1202
40
511
2803
2019
1388
1777
2233
3054
32
1857
605
279
129
49
568
989
1661
3089
2124
1832
834
826
1535
1982
391
1053
131
2640
1585
854
2563
1020
2614
2851
768
1129
2674
2956
203
2499
2329
1059
901
902
957
1476
115
2344
188
461
822
2131
1732
358
564
3227
2443
1441
2095
2763
775
3212
267
1400
67
1083
1533
1257
2261
2350
1552
1276
401
251
720
263
74
868
2113
1880
1527
2115
2656
1291
1921
3197
2639
1351
2030
1402
1525
733
1386
845
2119
1378
2227
2918
1370
2765
913
2573
2157
1511
170
2421
1842
1518
3015
5
3084
2042
484
1305
297
320
1824
491
1136
1851
1787
3215
2297
3195
2071
189
1205
2204
952
1346
1557
576
1032
96
1532
2550
19
13
441
466
3100
917
1932
94
2694
2287
1428
1907
1961
3128
1646
3172
62
3033
1089
3217
1988
1495
1149
1736
935
1584
2390
1547
2731
1756
1994
1781
1274
1612
1286
2779
1798
2741
512
2615
15
2495
613
1258
2522
1482
2300
1504
2219
1827
3117
2486
801
708
1285
1130
2162
2252
2719
1349
3221
1422
379
1905
2967
477
2015
2176
1741
2023
701
1672
3005
2571
2396
3110
305
1465
471
906
2607
3208
3081
722
1675
691
181
438
1242
2487
780
1201
866
969
2283
1408
2901
2469
2436
2830
1822
2272
2251
308
2539
1119
1238
2239
1077
572
3047
2507
2303
1472
2111
1651
2594
1430
2862
584
1593
1635
751
2026
2149
832
1087
1283
407
2107
193
1372
1489
2395
558
749
2683
244
1221
2301
2187
2302
2964
2105
3162
760
386
852
560
1364
3158
475
286
73
3226
2039
1103
949
1066
2192
2769
1395
625
238
2931
2356
1790
2641
2605
2541
3073
424
372
2547
3119
1440
65
2838
2528
239
3085
3057
2001
2154
2697
1966
222
2307
2869
3213
2046
3182
3202
2770
2090
314
3006
1890
2562
916
2972
2309
2424
402
1800
2247
3200
2643
608
255
2645
1755
231
225
2879
1579
26
493
766
1737
362
3135
2859
3126
848
796
2600
204
1970
1019
2785
938
1034
2873
778
252
2843
736
2655
1918
1459
1438
2630
1940
1910
1294
14
3150
2063
1893
2420
1131
2877
640
2892
2212
985
2701
975
1769
3173
2728
2004
472
2232
1556
2186
2773
996
1828
2878
2462
2426
1634
591
1110
847
636
1591
1010
151
2924
1549
3103
991
1458
64
831
570
140
1690
2602
328
2254
1226
351
191
2599
2566
703
1613
1215
462
1837
1025
1605
1965
136
39
2734
1588
1505
338
1901
396
2587
260
2815
2457
914
1342
1526
715
1394
289
2903
2959
2552
1004
264
2438
743
2706
840
963
2238
1354
1945
1246
859
2474
517
1094
2220
2920
381
2678
1650
404
509
3129
287
650
23
2010
250
2791
2509
2294
4
825
1735
1886
157
922
232
629
1721
3064
1320
1331
1344
1444
3144
254
1616
1977
77
253
627
1280
2806
794
1325
2492
533
1317
2288
966
1248
1362
3048
11
937
1206
2366
2909
1171
1335
2466
2445
2047
456
850
817
968
76
2434
674
2844
2827
2824
958
772
145
2681
3178
1876
1716
1318
2993
520
3016
483
3146
861
3038
2215
2941
2454
1137
2002
2747
1810
1375
2755
2226
3075
321
1900
3189
2927
3050
1892
1935
1760
1997
1683
458
1637
1065
752
1035
1597
510
1145
2122
1506
2452
1030
2222
1469
1254
2774
545
1488
1090
198
3105
369
1929
2034
1848
714
467
1426
1278
2934
1815
1289
2904
980
3143
2833
1154
1316
1227
1269
1483
318
319
1381
416
2076
224
1619
620
2836
2343
1785
2266
1359
365
2867
1282
3155
113
1570
1622
214
234
2346
447
791
621
2950
230
1817
2177
2574
1152
2893
1164
339
1981
2802
1244
785
1479
1702
125
1868
1607
201
1934
3090
1243
1949
1104
2181
2753
2172
1590
1008
3077
2801
645
2874
1513
2581
928
2820
2845
782
246
895
1436
10
823
696
1358
2205
1115
2195
915
977
2911
2370
777
707
3142
905
2468
569
1462
316
2035
2670
841
1933
2269
2433
1490
920
278
1554
1155
2464
175
1296
2373
1528
2234
3071
2702
2544
955
1487
363
433
595
2997
37
2200
276
1308
3167
2048
312
1330
1971
2148
1173
2418
721
2
2725
2717
2938
579
2953
565
1290
810
2866
1037
1099
349
2065
3095
3147
2166
661
2163
1850
59
72
1974
2243
2427
3153
1659
2250
2161
2323
644
3018
423
3074
1273
1540
787
857
648
82
567
3154
223
2951
729
1836
1266
2814
2660
187
1862
881
3106
1804
2142
2611
1666
1904
197
1625
3039
2930
163
2839
3060
1250
2648
2883
497
3067
2622
732
2380
2179
1821
3034
2720
519
1881
1553
1667
730
1475
2340
474
1695
530
2757
2494
575
1652
2291
29
1521
451
541
3004
1153
2260
1319
3132
3190
1141
1809
2524
668
1592
3096
862
2355
3176
886
88
2191
1499
2813
2733
1788
2575
3125
710
2246
1954
3152
2534
1108
3080
2404
2822
70
1420
609
122
2197
2850
3224
167
951
3020
2491
2651
1911
2377
804
754
718
2793
1140
2025
725
941
3055
2962
3079
911
1671
2127
2577
1092
2016
3149
1180
2885
897
833
1731
2986
1287
534
984
2477
614
581
2406
1398
523
2569
2428
3069
1172
2881
649
1819
307
1139
1924
925
518
574
3188
1534
688
1219
1220
2441
1264
2553
1814
1195
885
3101
1919
142
2743
2207
1425
535
2183
2360
378
298
880
2811
1559
1127
606
1427
1151
1784
177
1711
587
1302
3007
1568
528
816
2193
311
290
679
525
2444
337
2345
971
2109
556
1818
2886
1843
1051
1015
50
2808
1749
3022
1169
2165
3136
1602
1778
1786
1829
488
672
1630
723
2485
1012
275
1088
272
2948
2682
1963
22
1816
1878
2116
2635
2738
3198
2506
2230
1249
728
2098
846
869
2617
735
343
997
1055
165
284
755
1766
1897
1510
69
342
3115
1740
2711
2435
1377
1166
2916
3130
257
380
2662
294
673
2359
2290
2633
2531
1306
2273
1595
1176
3049
2074
245
1569
479
1082
2293
3203
844
2529
2155
1767
1658
693
1938
2000
2787
2330
1823
2405
1530
1986
944
2009
695
602
808
2190
2321
1563
387
872
836
1687
1121
3230
1165
2120
1167
586
1529
1069
1125
2679
2475
1776
2184
1361
623
1783
100
111
63
346
643
2206
2470
1062
870
2876
871
2805
1098
2685
654
174
1753
2415
92
1515
2224
1240
974
682
449
1633
48
1384
2086
1762
1978
3116
3206
334
1826
1366
2005
1174
421
1589
2173
1485
1116
2483
1016
2768
241
2263
2730
435
2050
1895
2472
1796
2496
1865
2996
537
934
562
1539
1930
1392
2991
102
2900
1413
1555
757
1541
2998
993
243
793
1770
3094
2431
1509
2110
1373
112
1980
1179
547
2268
1669
1023
3098
2055
256
2128
209
2384
583
1432
2070
3013
1334
2821
665
2687
2783
753
2580
2849
2419
206
58
1653
717
2021
1623
1834
2228
393
544
1560
2752
2794
141
2880
1234
2601
1514
3113
773
2595
498
762
3014
1297
2693
2274
2073
549
1709
2667
784
2729
1500
1190
783
150
1545
2011
1536
2279
2121
109
469
2818
542
453
249
1193
700
301
146
2737
259
482
2077
770
2339
2153
2788
2175
2036
1339
1348
473
1045
830
919
1923
1064
666
1682
190
2489
2459
2087
258
2357
1209
1161
2603
2351
437
335
1367
2517
2083
2091
2744
1952
2075
898
52
106
2598
1434
2430
2712
3192
2255
2634
2889
1389
1573
835
988
1213
270
2872
2413
2286
3107
85
2493
2089
1763
1772
526
1363
1360
1873
1870
2707
1461
1470
1144
740
3148
126
947
820
361
2963
2020
2245
2398
1660
1844
344
599
978
41
521
803
1799
635
3127
3181
2335
1158
1281
489
1142
1150
716
1866
2898
2796
882
630
2072
2024
876
2975
1146
774
744
3043
1551
2567
2169
1310
2314
2403
2188
2760
1885
1894
1197
1058
445
1080
894
2463
1156
2751
2974
496
3087
2932
2533
2040
2984
2780
2691
415
2764
3124
1112
954
1697
1222
1688
3083
2450
2043
1733
504
2449
566
1524
2684
1160
959
540
1936
219
2471
2735
638
2460
120
1719
632
1999
353
3092
439
481
1673
2689
2840
1005
1399
1610
1212
2516
1580
3175
3027
814
384
653
2480
450
546
2568
412
1899
220
1163
1801
2650
849
3024
1105
2977
1178
135
2210
1564
965
2686
2054
1253
3121
1860
1123
1724
802
139
1463
2440
2990
2240
235
1692
2476
1678
1820
333
3131
242
1841
1303
1694
2671
2299
2696
237
1368
737
1437
761
1338
1183
2798
503
970
2992
465
2217
750
2117
1748
1060
1644
2812
2059
1228
1867
1407
2899
27
117
1255
1471
1147
1849
3185
1600
2784
2551
2259
1993
1009
1718
3141
818
1480
3059
2579
548
2135
428
2362
357
2363
2171
763
1027
2590
2887
3170
3122
3133
1450
2610
1872
1049
1457
758
554
2108
2164
1704
2647
2066
1113
2068
3
2112
1546
2397
2361
2846
1670
912
1043
2425
2631
2538
1224
2289
1247
1703
828
1410
903
446
1233
1295
2540
1575
1466
1078
704
2389
30
940
2151
2754
1664
2988
1159
184
2057
1638
960
1927
702
600
943
874
2560
2939
571
2853
2976
103
317
2067
1856
798
522
1493
118
2891
3164
1723
1336
1467
2478
2949
3068
2178
2236
2890
2498
616
2364
2387
1135
2505
1984
1003
727
35
495
598
1117
1355
1417
3211
1270
551
285
2961
2145
2958
2221
748
2510
1603
2561
2745
1404
1447
1455
1631
97
1068
2064
211
1484
425
3183
2218
2182
1390
347
1415
2677
1124
2262
888
2896
789
2708
2554
2943
2922
1040
2417
2705
1665
226
1931
2646
1522
3056
1449
2082
1806
2627
2106
1674
422
2353
2935
2855
873
1050
2698
1808
1026
490
3091
1314
132
2348
2038
1419
680
1969
792
2013
2014
2545
1699
45
2659
2715
2308
1309
2094
2926
1414
2584
352
2061
164
805
664
2710
1835
827
2652
2619
756
2249
2699
1946
247
1502
2400
2336
348
2053
84
1217
2141
656
1106
1562
2322
154
271
178
2292
2508
1208
2093
440
2515
2479
2429
856
1322
582
742
213
2282
3066
9
383
1036
3111
2624
1813
3163
411
829
153
2125
699
81
1279
987
2523
108
658
1445
500
420
1734
1042
3145
2347
57
878
2371
137
1641
2565
709
1424
2092
43
101
1914
973
2080
229
2692
2782
1712
3204
942
1581
2658
739
476
2703
1538
2759
893
1758
2503
1566
1680
1352
2714
513
199
1412
1054
853
2501
611
166
2736
350
585
1983
173
394
3070
303
194
1608
3036
1329
1567
622
1091
1429
127
2352
1371
3046
573
419
1967
1397
2504
282
3010
79
2666
3151
2585
2376
2446
1693
1960
159
2810
215
2589
910
1072
983
1574
80
806
990
1259
3161
3174
1383
1070
2572
1067
86
138
1168
2884
2134
2196
367
2423
1943
2668
280
2654
295
516
508
3231
2512
815
2060
1085
1262
1903
2921
1185
66
1925
2957
1033
3196
236
2638
2800
2870
1746
2278
689
531
162
999
1705
860
1937
3058
769
2078
1679
2955
2313
1743
800
964
1300
2392
563
1198
2917
1771
2664
765
2328
91
2526
2456
863
322
2256
2318
1038
2118
1028
1875
2537
2410
3223
1797
2338
2987
2451
388
413
2305
652
1720
359
2588
432
156
2225
1643
1061
480
1052
2129
1284
1990
143
1299
3032
1626
1365
3108
1531
1754
2448
1989
431
1252
2894
2069
340
2081
659
1056
1416
3003
283
2612
2442
2786
887
2999
3019
1611
1663
3120
78
1951
366
2868
1874
967
1448
890
397
2613
1614
3009
1157
2817
1852
2914
2915
1750
1964
2006
1917
2079
400
90
2253
329
1944
1418
299
1955
1807
2766
2519
1385
1199
1304
2864
128
3035
2143
1745
2688
459
1979
1764
1011
2203
781
1727
1111
2088
2723
1636
2198
2481
2168
1596
2775
1550
1236
1473
1298
1341
183
306
44
1333
2912
158
1007
478
1858
1423
486
1231
2096
779
292
1018
195
2372
87
2750
217
2713
240
1915
1517
1357
55
552
3088
2461
2275
409
406
389
2559
799
3157
2265
2416
2383
2777
1186
788
767
1898
2062
324
867
2027
2296
3222
185
1871
1985
2267
945
1916
2700
741
1908
2439
427
1953
2606
2980
3156
1256
1617
2979
89
1789
1889
1902
1913
169
1512
2604
3001
2311
3076
1347
1498
2408
3229
939
724
442
2983
1223
3210
2583
2946
104
2724
2829
1583
555
2852
313
1013
2139
2716
759
2374
1987
1288
1879
995
2270
2393
527
2490
795
2969
2229
681
274
330
2944
1839
2518
1707
1891
2319
776
418
2973
646
2837
1332
2895
1728
1645
499
3194
3097
1268
1628
2208
1396
2771
2018
1620
2530
667
634
3042
2882
2007
979
2905
631
1543
3093
2663
2402
3169
1775
2242
130
1684
309
3082
2223
1642
2597
2386
2123
2642
1599
807
771
355
1405
2237
460
1047
1677
1001
2761
1229
505
60
1464
2258
532
2248
1021
341
2593
356
2102
813
1340
1170
83
3219
1939
1323
1293
603
1795
1774
1315
578
2497
390
2981
2455
360
2199
2295
448
2214
1263
3029
633
2437
2385
107
374
98
2871
1496
2467
2740
3207
1654
354
3008
3002
1478
588
2978
2625
590
33
986
1433
2831
809
924
261
2317
671
1343
227
2919
1143
463
31
51
1187
20
364
926
3011
1267
536
1079
1232
176
148
2994
705
395
3168
1793
114
686
2861
2809
160
692
628
592
1443
877
302
2995
2608
1838
464
1041
2167
2284
2130
1194
7
3160
2947
2758
75
1869
2673
2381
2847
2473
71
1128
269
931
1046
932
2012
2989
550
2484
2675
838
1744
1861
3040
1126
2826
1950
2146
2401
1084
1207
2482
1598
1640
2649
371
1803
639
1582
1122
1761
930
726
186
2661
2156
994
1995
2114
694
2925
982
961
1411
403
797
764
332
1825
950
2264
2367
2032
2453
746
1991
2795
3052
2542
1558
2511
152
25
626
2327
2762
1768
2928
123
837
662
228
1561
2532
1210
1492
1057
1218
2756
266
1328
2854
1811
12
1884
514
981
1071
2103
1948
2525
2432
747
116
1406
1014
1729
933
1751
711
1975
2620
738
3218
618
2721
492
1435
454
1947
1621
1959
1452
1239
1477
502
1686
843
1649
2298
1497
2084
1738
1245
16
2144
200
3171
61
1587
105
1272
1326
1805
946
539
3139
1301
2316
133
2767
2792
3220
3214
683
1701
3137
2201
2657
1676
1887
2281
1029
2028
3044
1162
38
936
18
1446
1382
2097
2742
1409
2913
2936
1928
2749
1191
149
3228
218
1715
1391
812
3063
1722
1076
660
2320
468
1863
315
1006
1855
1114
2388
1847
2500
1708
1831
1203
1882
594
36
1312
1942
577
1118
1706
1353
1120
2365
3159
2970
2513
2982
2832
1957
1681
883
972
1976
1700
2150
3166
1833
2966
21
2458
470
1138
1792
790
6
2669
2875
1501
1102
2411
2772
3045
889
3118
1757
2276
2331
2332
2174
904
734
3030
277
559
2104
2465
382
619
2213
670
2379
1648
593
3102
2180
2842
1251
1698
2407
2399
1401
1109
144
1572
2244
2665
3184
3104
2954
2628
1376
3201
179
1000
1456
1845
1214
430
2722
3193
2031
2056
2358
1182
607
677
839
8
2965
370
3021
637
56
2536
2447
171
2520
196
2942
1442
2368
1100
1200
948
376
1494
452
1968
192
2152
426
976
2929
288
2858
1204
2049
336
1393
3078
2521
1523
1780
3072
657
1451
1689
2940
2799
1002
1225
1132
3140
2985
2586
2676
1235
1031
1101
892
326
262
1324
2968
2280
851
2324
168
1655
3209
1468
398
3138
1520
2902
617
842
2337
2819
929
3028
1941
1039
956
2778
1657
1189
208
992
2632
1237
121
1647
3051
410
296
899
1134
2776
417
2834
2216
2804
377
2828
596
1024
42
927
2189
819
1896
2535
273
1216
1854
53
2333
1275
2748
221
1973
506
2422
345
1548
2315
2690
1571
2326
3026
858
1618
1491
1093
2841
373
2672
385
2514
685
2052
1148
124
651
216
1779
1311
879
687
1717
444
2378
1403
2746
1691
2126
655
1073
2349
2003
821
1606
2621
1048
998
962
2488
2543
1537
54
1063
310
1864
1920
1460
2952
663
1601
2739
3114
1624
2644
323
1812
1565
3134
1888
2629
1327
923
1074
553
1374
515
300
1926
68
110
507
2636
1356
1747
233
2564
2908
3205
1474
2592
2709
443
1656
17
731
2623
2136
1508
2797
2058
1439
580
1271
1431
2704
2865
2695
327
2609
2732
408
2147
2555
2527
676
34
2591
1277
2342
1883
3187
2312
3053
1380
1241
1604
1507
1321
2158
1095
1714
1022
1594
1196
675
2045
210
2618
1133
2325
3099
202
684
3186
1503
172
2137
1261
1192
864
2409
147
1846
2022
1481
3232
0
1
1752
1211
1387
3086
824
2369
2041
1972
1096
3061
1730
47
2549
3031
134
908
2100
615
3023
1188
2558
2037
1639
2211
1519
2138
1075
1912
1726
1629
1992
1853
180
921
46
1350
891
1956
642
3199
2557
706
678
1086
2825
501
624
2906
538
368
529
1802
1962
2653
1794
1175
436
1725
1097
610
2502
3216
1577
2790
524
641
1759
28
325
669
3000
1486
1877
597
2726
3123
3165
1307
2933
2718
1859
2680
2159
2310
1906
604
1345
99
1668
1421
2910
589
1609
119
494
1632
2570
281
1773
1313
1369
2923
2170
3179
1696
690
745
2271
2235
2185
612
1627
2412
1230
884
2160
2578
1107
1542
487
1830
855
2789
1516
2546
2354
1922
1454
3017
2582
3109
2085
1181
2548
719
2848
561
2860
392
2140
1742
1615
2375
207
907
1662
543
918
1685
2888
811
2727
1260
3012
485
1958
900
3180
1379
2017
2960
698
1337
2414
1044
2306
3191
2209
2637
405
2856
429
1017
399
2816
457
2099
2334
2937
2823
182
1586
3112
1996
601
2241
3025
2044
1576
455
2277
2194
1292
205
2304
414
896
2391
2616
331
1713
95
2835
1765
24
1578
3065
909
2382
953
265
1909
2971
2907
2341
2132
2202
1998
557
647
248
93
2101
2008
2231
434
293
1544
1782
2576
161
1453
1710
712
155
1840
2897
1184
2029
375
2945
304
2257
2807
1081
3041
1265
2781
1739
2857
2285
2033
2133
865
1791
291
3037
713
3062
786
697
3177
2596
212
2863
268
3225
2394
2556
2626
2051
875
1177
1202
40
511
2803
2019
1388
1777
2233
3054
32
1857
605
279
129
49
568
989
1661
3089
2124
1832
834
826
1535
1982
391
1053
131
2640
1585
854
2563
1020
2614
2851
768
1129
2674
2956
203
2499
2329
1059
901
902
957
1476
115
2344
188
461
822
2131
1732
358
564
3227
2443
1441
2095
2763
775
3212
267
1400
67
1083
1533
1257
2261
2350
1552
1276
401
251
720
263
74
868
2113
1880
1527
2115
2656
1291
1921
3197
2639
1351
2030
1402
1525
733
1386
845
2119
1378
2227
2918
1370
2765
913
2573
2157
1511
170
2421
1842
1518
3015
5
3084
2042
484
1305
297
320
1824
491
1136
1851
1787
3215
2297
3195
2071
189
1205
2204
952
1346
1557
576
1032
96
1532
2550
19
13
441
466
3100
917
1932
94
2694
2287
1428
1907
1961
3128
1646
3172
62
3033
1089
3217
1988
1495
1149
1736
935
1584
2390
1547
2731
1756
1994
1781
1274
1612
1286
2779
1798
2741
512
2615
15
2495
613
1258
2522
1482
2300
1504
2219
1827
3117
2486
801
708
1285
1130
2162
2252
2719
1349
3221
1422
379
1905
2967
477
2015
2176
1741
2023
701
1672
3005
2571
2396
3110
305
1465
471
906
2607
3208
3081
722
1675
691
181
438
1242
2487
780
1201
866
969
2283
1408
2901
2469
2436
2830
1822
2272
2251
308
2539
1119
1238
2239
1077
572
3047
2507
2303
1472
2111
1651
2594
1430
2862
584
1593
1635
751
2026
2149
832
1087
1283
407
2107
193
1372
1489
2395
558
749
2683
244
1221
2301
2187
2302
2964
2105
3162
760
386
852
560
1364
3158
475
286
73
3226
2039
1103
949
1066
2192
2769
1395
625
238
2931
2356
1790
2641
2605
2541
3073
424
372
2547
3119
1440
65
2838
2528
239
3085
3057
2001
2154
2697
1966
222
2307
2869
3213
2046
3182
3202
2770
2090
314
3006
1890
2562
916
2972
2309
2424
402
1800
2247
3200
2643
608
255
2645
1755
231
225
2879
1579
26
493
766
1737
362
3135
2859
3126
848
796
2600
204
1970
1019
2785
938
1034
2873
778
252
2843
736
2655
1918
1459
1438
2630
1940
1910
1294
14
3150
2063
1893
2420
1131
2877
640
2892
2212
985
2701
975
1769
3173
2728
2004
472
2232
1556
2186
2773
996
1828
2878
2462
2426
1634
591
1110
847
636
1591
1010
151
2924
1549
3103
991
1458
64
831
570
140
1690
2602
328
2254
1226
351
191
2599
2566
703
1613
1215
462
1837
1025
1605
1965
136
39
2734
1588
1505
338
1901
396
2587
260
2815
2457
914
1342
1526
715
1394
289
2903
2959
2552
1004
264
2438
743
2706
840
963
2238
1354
1945
1246
859
2474
517
1094
2220
2920
381
2678
1650
404
509
3129
287
650
23
2010
250
2791
2509
2294
4
825
1735
1886
157
922
232
629
1721
3064
1320
1331
1344
1444
3144
254
1616
1977
77
253
627
1280
2806
794
1325
2492
533
1317
2288
966
1248
1362
3048
11
937
1206
2366
2909
1171
1335
2466
2445
2047
456
850
817
968
76
2434
674
2844
2827
2824
958
772
145
2681
3178
1876
1716
1318
2993
520
3016
483
3146
861
3038
2215
2941
2454
1137
2002
2747
1810
1375
2755
2226
3075
321
1900
3189
2927
3050
1892
1935
1760
1997
1683
458
1637
1065
752
1035
1597
510
1145
2122
1506
2452
1030
2222
1469
1254
2774
545
1488
1090
198
3105
369
1929
2034
1848
714
467
1426
1278
2934
1815
1289
2904
980
3143
2833
1154
1316
1227
1269
1483
318
319
1381
416
2076
224
1619
620
2836
2343
1785
2266
1359
365
2867
1282
3155
113
1570
1622
214
234
2346
447
791
621
2950
230
1817
2177
2574
1152
2893
1164
339
1981
2802
1244
785
1479
1702
125
1868
1607
201
1934
3090
1243
1949
1104
2181
2753
2172
1590
1008
3077
2801
645
2874
1513
2581
928
2820
2845
782
246
895
1436
10
823
696
1358
2205
1115
2195
915
977
2911
2370
777
707
3142
905
2468
569
1462
316
2035
2670
841
1933
2269
2433
1490
920
278
1554
1155
2464
175
1296
2373
1528
2234
3071
2702
2544
955
1487
363
433
595
2997
37
2200
276
1308
3167
2048
312
1330
1971
2148
1173
2418
721
2
2725
2717
2938
579
2953
565
1290
810
2866
1037
1099
349
2065
3095
3147
2166
661
2163
1850
59
72
1974
2243
2427
3153
1659
2250
2161
2323
644
3018
423
3074
1273
1540
787
857
648
82
567
3154
223
2951
729
1836
1266
2814
2660
187
1862
881
3106
1804
2142
2611
1666
1904
197
1625
3039
2930
163
2839
3060
1250
2648
2883
497
3067
2622
732
2380
2179
1821
3034
2720
519
1881
1553
1667
730
1475
2340
474
1695
530
2757
2494
575
1652
2291
29
1521
451
541
3004
1153
2260
1319
3132
3190
1141
1809
2524
668
1592
3096
862
2355
3176
886
88
2191
1499
2813
2733
1788
2575
3125
710
2246
1954
3152
2534
1108
3080
2404
2822
70
1420
609
122
2197
2850
3224
167
951
3020
2491
2651
1911
2377
804
754
718
2793
1140
2025
725
941
3055
2962
3079
911
1671
2127
2577
1092
2016
3149
1180
2885
897
833
1731
2986
1287
534
984
2477
614
581
2406
1398
523
2569
2428
3069
1172
2881
649
1819
307
1139
1924
925
518
574
3188
1534
688
1219
1220
2441
1264
2553
1814
1195
885
3101
1919
142
2743
2207
1425
535
2183
2360
378
298
880
2811
1559
1127
606
1427
1151
1784
177
1711
587
1302
3007
1568
528
816
2193
311
290
679
525
2444
337
2345
971
2109
556
1818
2886
1843
1051
1015
50
2808
1749
3022
1169
2165
3136
1602
1778
1786
1829
488
672
1630
723
2485
1012
275
1088
272
2948
2682
1963
22
1816
1878
2116
2635
2738
3198
2506
2230
1249
728
2098
846
869
2617
735
343
997
1055
165
284
755
1766
1897
1510
69
342
3115
1740
2711
2435
1377
1166
2916
3130
257
380
2662
294
673
2359
2290
2633
2531
1306
2273
1595
1176
3049
2074
245
1569
479
1082
2293
3203
844
2529
2155
1767
1658
693
1938
2000
2787
2330
1823
2405
1530
1986
944
2009
695
602
808
2190
2321
1563
387
872
836
1687
1121
3230
1165
2120
1167
586
1529
1069
1125
2679
2475
1776
2184
1361
623
1783
100
111
63
346
643
2206
2470
1062
870
2876
871
2805
1098
2685
654
174
1753
2415
92
1515
2224
1240
974
682
449
1633
48
1384
2086
1762
1978
3116
3206
334
1826
1366
2005
1174
421
1589
2173
1485
1116
2483
1016
2768
241
2263
2730
435
2050
1895
2472
1796
2496
1865
2996
537
934
562
1539
1930
1392
2991
102
2900
1413
1555
757
1541
2998
993
243
793
1770
3094
2431
1509
2110
1373
112
1980
1179
547
2268
1669
1023
3098
2055
256
2128
209
2384
583
1432
2070
3013
1334
2821
665
2687
2783
753
2580
2849
2419
206
58
1653
717
2021
1623
1834
2228
393
544
1560
2752
2794
141
2880
1234
2601
1514
3113
773
2595
498
762
3014
1297
2693
2274
2073
549
1709
2667
784
2729
1500
1190
783
150
1545
2011
1536
2279
2121
109
469
2818
542
453
249
1193
700
301
146
2737
259
482
2077
770
2339
2153
2788
2175
2036
1339
1348
473
1045
830
919
1923
1064
666
1682
190
2489
2459
2087
258
2357
1209
1161
2603
2351
437
335
1367
2517
2083
2091
2744
1952
2075
898
52
106
2598
1434
2430
2712
3192
2255
2634
2889
1389
1573
835
988
1213
270
2872
2413
2286
3107
85
2493
2089
1763
1772
526
1363
1360
1873
1870
2707
1461
1470
1144
740
3148
126
947
820
361
2963
2020
2245
2398
1660
1844
344
599
978
41
521
803
1799
635
3127
3181
2335
1158
1281
489
1142
1150
716
1866
2898
2796
882
630
2072
2024
876
2975
1146
774
744
3043
1551
2567
2169
1310
2314
2403
2188
2760
1885
1894
1197
1058
445
1080
894
2463
1156
2751
2974
496
3087
2932
2533
2040
2984
2780
2691
415
2764
3124
1112
954
1697
1222
1688
3083
2450
2043
1733
504
2449
566
1524
2684
1160
959
540
1936
219
2471
2735
638
2460
120
1719
632
1999
353
3092
439
481
1673
2689
2840
1005
1399
1610
1212
2516
1580
3175
3027
814
384
653
2480
450
546
2568
412
1899
220
1163
1801
2650
849
3024
1105
2977
1178
135
2210
1564
965
2686
2054
1253
3121
1860
1123
1724
802
139
1463
2440
2990
2240
235
1692
2476
1678
1820
333
3131
242
1841
1303
1694
2671
2299
2696
237
1368
737
1437
761
1338
1183
2798
503
970
2992
465
2217
750
2117
1748
1060
1644
2812
2059
1228
1867
1407
2899
27
117
1255
1471
1147
1849
3185
1600
2784
2551
2259
1993
1009
1718
3141
818
1480
3059
2579
548
2135
428
2362
357
2363
2171
763
1027
2590
2887
3170
3122
3133
1450
2610
1872
1049
1457
758
554
2108
2164
1704
2647
2066
1113
2068
3
2112
1546
2397
2361
2846
1670
912
1043
2425
2631
2538
1224
2289
1247
1703
828
1410
903
446
1233
1295
2540
1575
1466
1078
704
2389
30
940
2151
2754
1664
2988
1159
184
2057
1638
960
1927
702
600
943
874
2560
2939
571
2853
2976
103
317
2067
1856
798
522
1493
118
2891
3164
1723
1336
1467
2478
2949
3068
2178
2236
2890
2498
616
2364
2387
1135
2505
1984
1003
727
35
495
598
1117
1355
1417
3211
1270
551
285
2961
2145
2958
2221
748
2510
1603
2561
2745
1404
1447
1455
1631
97
1068
2064
211
1484
425
3183
2218
2182
1390
347
1415
2677
1124
2262
888
2896
789
2708
2554
2943
2922
1040
2417
2705
1665
226
1931
2646
1522
3056
1449
2082
1806
2627
2106
1674
422
2353
2935
2855
873
1050
2698
1808
1026
490
3091
1314
132
2348
2038
1419
680
1969
792
2013
2014
2545
1699
45
2659
2715
2308
1309
2094
2926
1414
2584
352
2061
164
805
664
2710
1835
827
2652
2619
756
2249
2699
1946
247
1502
2400
2336
348
2053
84
1217
2141
656
1106
1562
2322
154
271
178
2292
2508
1208
2093
440
2515
2479
2429
856
1322
582
742
213
2282
3066
9
383
1036
3111
2624
1813
3163
411
829
153
2125
699
81
1279
987
2523
108
658
1445
500
420
1734
1042
3145
2347
57
878
2371
137
1641
2565
709
1424
2092
43
101
1914
973
2080
229
2692
2782
1712
3204
942
1581
2658
739
476
2703
1538
2759
893
1758
2503
1566
1680
1352
2714
513
199
1412
1054
853
2501
611
166
2736
350
585
1983
173
394
3070
303
194
1608
3036
1329
1567
622
1091
1429
127
2352
1371
3046
573
419
1967
1397
2504
282
3010
79
2666
3151
2585
2376
2446
1693
1960
159
2810
215
2589
910
1072
983
1574
80
806
990
1259
3161
3174
1383
1070
2572
1067
86
138
1168
2884
2134
2196
367
2423
1943
2668
280
2654
295
516
508
3231
2512
815
2060
1085
1262
1903
2921
1185
66
1925
2957
1033
3196
236
2638
2800
2870
1746
2278
689
531
162
999
1705
860
1937
3058
769
2078
1679
2955
2313
1743
800
964
1300
2392
563
1198
2917
1771
2664
765
2328
91
2526
2456
863
322
2256
2318
1038
2118
1028
1875
2537
2410
3223
1797
2338
2987
2451
388
413
2305
652
1720
359
2588
432
156
2225
1643
1061
480
1052
2129
1284
1990
143
1299
3032
1626
1365
3108
1531
1754
2448
1989
431
1252
2894
2069
340
2081
659
1056
1416
3003
283
2612
2442
2786
887
2999
3019
1611
1663
3120
78
1951
366
2868
1874
967
1448
890
397
2613
1614
3009
1157
2817
1852
2914
2915
1750
1964
2006
1917
2079
400
90
2253
329
1944
1418
299
1955
1807
2766
2519
1385
1199
1304
2864
128
3035
2143
1745
2688
459
1979
1764
1011
2203
781
1727
1111
2088
2723
1636
2198
2481
2168
1596
2775
1550
1236
1473
1298
1341
183
306
44
1333
2912
158
1007
478
1858
1423
486
1231
2096
779
292
1018
195
2372
87
2750
217
2713
240
1915
1517
1357
55
552
3088
2461
2275
409
406
389
2559
799
3157
2265
2416
2383
2777
1186
788
767
1898
2062
324
867
2027
2296
3222
185
1871
1985
2267
945
1916
2700
741
1908
2439
427
1953
2606
2980
3156
1256
1617
2979
89
1789
1889
1902
1913
169
1512
2604
3001
2311
3076
1347
1498
2408
3229
939
724
442
2983
1223
3210
2583
2946
104
2724
2829
1583
555
2852
313
1013
2139
2716
759
2374
1987
1288
1879
995
2270
2393
527
2490
795
2969
2229
681
274
330
2944
1839
2518
1707
1891
2319
776
418
2973
646
2837
1332
2895
1728
1645
499
3194
3097
1268
1628
2208
1396
2771
2018
1620
2530
667
634
3042
2882
2007
979
2905
631
1543
3093
2663
2402
3169
1775
2242
130
1684
309
3082
2223
1642
2597
2386
2123
2642
1599
807
771
355
1405
2237
460
1047
1677
1001
2761
1229
505
60
1464
2258
532
2248
1021
341
2593
356
2102
813
1340
1170
83
3219
1939
1323
1293
603
1795
1774
1315
578
2497
390
2981
2455
360
2199
2295
448
2214
1263
3029
633
2437
2385
107
374
98
2871
1496
2467
2740
3207
1654
354
3008
3002
1478
588
2978
2625
590
33
986
1433
2831
809
924
261
2317
671
1343
227
2919
1143
463
31
51
1187
20
364
926
3011
1267
536
1079
1232
176
148
2994
705
395
3168
1793
114
686
2861
2809
160
692
628
592
1443
877
302
2995
2608
1838
464
1041
2167
2284
2130
1194
7
3160
2947
2758
75
1869
2673
2381
2847
2473
71
1128
269
931
1046
932
2012
2989
550
2484
2675
838
1744
1861
3040
1126
2826
1950
2146
2401
1084
1207
2482
1598
1640
2649
371
1803
639
1582
1122
1761
930
726
186
2661
2156
994
1995
2114
694
2925
982
961
1411
403
797
764
332
1825
950
2264
2367
2032
2453
746
1991
2795
3052
2542
1558
2511
152
25
626
2327
2762
1768
2928
123
837
662
228
1561
2532
1210
1492
1057
1218
2756
266
1328
2854
1811
12
1884
514
981
1071
2103
1948
2525
2432
747
116
1406
1014
1729
933
1751
711
1975
2620
738
3218
618
2721
492
1435
454
1947
1621
1959
1452
1239
1477
502
1686
843
1649
2298
1497
2084
1738
1245
16
2144
200
3171
61
1587
105
1272
1326
1805
946
539
3139
1301
2316
133
2767
2792
3220
3214
683
1701
3137
2201
2657
1676
1887
2281
1029
2028
3044
1162
38
936
18
1446
1382
2097
2742
1409
2913
2936
1928
2749
1191
149
3228
218
1715
1391
812
3063
1722
1076
660
2320
468
1863
315
1006
1855
1114
2388
1847
2500
1708
1831
1203
1882
594
36
1312
1942
577
1118
1706
1353
1120
2365
3159
2970
2513
2982
2832
1957
1681
883
972
1976
1700
2150
3166
1833
2966
21
2458
470
1138
1792
790
6
2669
2875
1501
1102
2411
2772
3045
889
3118
1757
2276
2331
2332
2174
904
734
3030
277
559
2104
2465
382
619
2213
670
2379
1648
593
3102
2180
2842
1251
1698
2407
2399
1401
1109
144
1572
2244
2665
3184
3104
2954
2628
1376
3201
179
1000
1456
1845
1214
430
2722
3193
2031
2056
2358
1182
607
677
839
8
2965
370
3021
637
56
2536
2447
171
2520
196
2942
1442
2368
1100
1200
948
376
1494
452
1968
192
2152
426
976
2929
288
2858
1204
2049
336
1393
3078
2521
1523
1780
3072
657
1451
1689
2940
2799
1002
1225
1132
3140
2985
2586
2676
1235
1031
1101
892
326
262
1324
2968
2280
851
2324
168
1655
3209
1468
398
3138
1520
2902
617
842
2337
2819
929
3028
1941
1039
956
2778
1657
1189
208
992
2632
1237
121
1647
3051
410
296
899
1134
2776
417
2834
2216
2804
377
2828
596
1024
42
927
2189
819
1896
2535
273
1216
1854
53
2333
1275
2748
221
1973
506
2422
345
1548
2315
2690
1571
2326
3026
858
1618
1491
1093
2841
373
2672
385
2514
685
2052
1148
124
651
216
1779
1311
879
687
1717
444
2378
1403
2746
1691
2126
655
1073
2349
2003
821
1606
2621
1048
998
962
2488
2543
1537
54
1063
310
1864
1920
1460
2952
663
1601
2739
3114
1624
2644
323
1812
1565
3134
1888
2629
1327
923
1074
553
1374
515
300
1926
68
110
507
2636
1356
1747
233
2564
2908
3205
1474
2592
2709
443
1656
17
731
2623
2136
1508
2797
2058
1439
580
1271
1431
2704
2865
2695
327
2609
2732
408
2147
2555
2527
676
34
2591
1277
2342
1883
3187
2312
3053
1380
1241
1604
1507
1321
2158
1095
1714
1022
1594
1196
675
2045
210
2618
1133
2325
3099
202
684
3186
1503
172
2137
1261
1192
864
2409
147
1846
2022
1481
3232
0
1
1752
1211
1387
3086
824
2369
2041
1972
1096
3061
1730
47
2549
3031
134
908
2100
615
3023
1188
2558
2037
1639
2211
1519
2138
1075
1912
1726
1629
1992
1853
180
921
46
1350
891
1956
642
3199
2557
706
678
1086
2825
501
624
2906
538
368
529
1802
1962
2653
1794
1175
436
1725
1097
610
2502
3216
1577
2790
524
641
1759
28
325
669
3000
1486
1877
597
2726
3123
3165
1307
2933
2718
1859
2680
2159
2310
1906
604
1345
99
1668
1421
2910
589
1609
119
494
1632
2570
281
1773
1313
1369
2923
2170
3179
1696
690
745
2271
2235
2185
612
1627
2412
1230
884
2160
2578
1107
1542
487
1830
855
2789
1516
2546
2354
1922
1454
3017
2582
3109
2085
1181
2548
719
2848
561
2860
392
2140
1742
1615
2375
207
907
1662
543
918
1685
2888
811
2727
1260
3012
485
1958
900
3180
1379
2017
2960
698
1337
2414
1044
2306
3191
2209
2637
405
2856
429
1017
399
2816
457
2099
2334
2937
2823
182
1586
3112
1996
601
2241
3025
2044
1576
455
2277
2194
1292
205
2304
414
896
2391
2616
331
1713
95
2835
1765
24
1578
3065
909
2382
953
265
1909
2971
2907
2341
2132
2202
1998
557
647
248
93
2101
2008
2231
434
293
1544
1782
2576
161
1453
1710
712
155
1840
2897
1184
2029
375
2945
304
2257
2807
1081
3041
1265
2781
1739
2857
2285
2033
2133
865
1791
291
3037
713
3062
786
697
3177
2596
212
2863
268
3225
2394
2556
2626
2051
875
1177
1202
40
511
2803
2019
1388
1777
2233
3054
32
1857
605
279
129
49
568
989
1661
3089
2124
1832
834
826
1535
1982
391
1053
131
2640
1585
854
2563
1020
2614
2851
768
1129
2674
2956
203
2499
2329
1059
901
902
957
1476
115
2344
188
461
822
2131
1732
358
564
3227
2443
1441
2095
2763
775
3212
267
1400
67
1083
1533
1257
2261
2350
1552
1276
401
251
720
263
74
868
2113
1880
1527
2115
2656
1291
1921
3197
2639
1351
2030
1402
1525
733
1386
845
2119
1378
2227
2918
1370
2765
913
2573
2157
1511
170
2421
1842
1518
3015
5
3084
2042
484
1305
297
320
1824
491
1136
1851
1787
3215
2297
3195
2071
189
1205
2204
952
1346
1557
576
1032
96
1532
2550
19
13
441
466
3100
917
1932
94
2694
2287
1428
1907
1961
3128
1646
3172
62
3033
1089
3217
1988
1495
1149
1736
935
1584
2390
1547
2731
1756
1994
1781
1274
1612
1286
2779
1798
2741
512
2615
15
2495
613
1258
2522
1482
2300
1504
2219
1827
3117
2486
801
708
1285
1130
2162
2252
2719
1349
3221
1422
379
1905
