0
1
1027
1857
771
385
2902
2667
2965
2071
969
804
2761
413
658
452
2802
3170
2836
412
2632
2896
1293
765
206
2740
628
1810
69
1119
1885
2629
284
2615
3192
1934
2872
1014
2834
720
276
1638
3065
2105
2381
2017
36
13
1417
289
1270
2630
1589
3074
3128
2405
2970
2096
1498
1047
2561
2806
428
1393
698
588
2215
340
3155
1318
1156
2677
1048
565
352
2671
818
789
2316
2165
2181
2083
1066
2574
2046
1609
2191
2397
1139
2448
2339
2251
1409
223
419
203
409
1957
2600
89
1391
2106
1455
1906
2471
2808
1590
2598
2087
1539
3156
1392
1471
918
2647
322
2771
1811
1913
95
1718
3049
1159
2746
3101
942
1625
2154
2353
288
2538
302
2006
2817
16
1755
719
2099
2192
1767
701
1510
1229
2286
2940
826
1548
3228
2641
2847
1533
692
2739
2080
2053
236
2277
775
2384
2173
2651
232
2228
1089
2028
1312
2137
1163
3025
2453
380
2973
3222
2142
1406
1000
2640
1246
2055
2950
34
498
182
2379
1892
2430
2711
1076
324
401
1569
708
2986
542
2146
2395
2975
1085
879
2131
2804
945
3218
314
639
195
1497
145
3045
1482
3213
1960
265
2068
921
2175
3103
2399
2849
1713
1746
3078
598
1069
906
625
1983
2625
2749
2110
928
624
777
3161
922
1772
2220
1786
575
591
2401
1437
1779
1463
549
1343
966
2040
222
1544
767
349
647
790
786
621
1480
1328
1573
1550
728
2621
3019
351
741
212
2757
338
267
2679
1604
2054
1289
3071
2495
1287
1016
2920
996
287
2201
99
2163
2306
1313
1943
564
763
2991
736
1256
257
2393
228
1331
2203
3053
390
1237
2344
3153
1547
2657
2145
243
488
2380
1210
515
2540
3130
1255
1020
2477
607
2860
987
1907
901
902
391
850
2255
3141
2425
70
3018
3184
704
2341
2496
201
2725
1777
1424
1580
2995
1260
724
935
2300
2567
1319
1309
1635
3082
1394
1967
2044
1039
2139
707
2026
1722
2607
2551
2569
1833
329
2274
2588
1628
632
1010
2633
914
2318
2197
51
881
2967
2703
584
3094
2599
241
2982
3061
1236
474
1329
757
2924
2072
1738
3096
558
1371
2269
2412
2585
300
140
1505
2143
2644
726
2324
3029
175
2338
348
615
2722
760
171
2411
540
3187
2410
3052
2078
1744
2270
197
1692
904
3057
2504
2159
2091
1429
1994
1059
583
1962
2988
2440
1831
173
2955
2296
2276
1011
227
1440
58
1579
499
1724
2060
414
2465
3168
3109
1677
1876
924
2591
1415
1741
1121
2984
1543
2786
191
814
177
860
2358
2554
325
714
2628
2661
1797
415
886
2858
1540
2898
490
675
1561
1111
563
2119
477
2386
1345
2281
1725
1551
835
388
156
2389
121
1281
1648
2003
393
2784
629
96
1935
1684
1095
1518
2512
2090
47
2793
1794
1704
2560
3080
3157
2205
761
866
277
450
2130
2763
3152
2204
753
1214
1104
833
1639
1911
1202
66
1258
1614
2489
1252
52
1113
2227
2564
797
1195
1233
2637
1448
50
2813
1711
1122
1542
148
1506
876
1742
1474
1829
1525
2685
1942
2406
3150
1849
2475
1264
220
546
2921
560
138
1450
2244
330
1033
1706
1067
290
985
700
1903
521
2158
1215
1116
407
2875
2583
1031
3178
1199
2066
1484
531
2140
1380
1248
2611
93
2614
686
2654
2930
2871
1012
3063
75
1936
1636
1898
186
1366
2579
87
286
1242
2962
620
1158
61
2136
112
454
1198
19
1926
3033
2782
2925
908
926
2151
1389
48
574
2741
791
2653
778
1656
2530
1720
2595
2524
1642
689
2969
1716
2705
665
67
40
1395
1057
958
2506
221
1065
1208
764
3102
2272
1739
1405
3115
2049
3002
2088
2302
2856
1044
2748
3135
2030
1490
1567
2523
1132
71
2927
2623
1282
1332
820
3211
3191
2963
44
1257
2010
2494
1414
2822
3219
3098
2648
3107
1218
2226
107
497
2652
1354
2717
1365
971
262
163
2082
1546
482
1897
711
1883
2643
43
981
465
2102
1147
2777
235
259
885
734
1651
1500
1172
136
350
1026
495
1284
2464
1176
2710
1933
1303
1071
1108
3171
1098
367
2918
1308
649
1788
2780
2118
1623
2437
2067
743
1663
108
2732
2770
1948
547
1799
534
863
1493
1171
1314
2036
1459
1848
2481
557
1790
1519
1836
2724
2249
630
2422
310
2234
1553
2550
825
1516
1662
336
2503
980
646
2392
502
2363
965
1532
1528
939
261
1063
2421
1974
2901
925
2012
1464
794
2491
637
2723
1910
2414
2240
464
1766
1640
1170
2029
2182
2549
1367
2619
1035
152
2852
2571
1737
2208
1253
816
1825
3068
1627
3119
326
970
6
772
297
2033
1873
2079
1563
699
537
1191
296
1601
1373
2747
2688
2964
745
990
3034
2795
1349
369
1305
688
636
1750
815
3023
559
2134
305
123
2064
1064
3089
751
2231
837
1135
2254
3226
255
504
2426
353
1306
1399
1401
1372
1998
1900
273
1659
2656
2097
3106
1238
1078
1655
2888
116
1226
1138
2310
1972
2910
2323
38
3017
2123
1679
967
198
1190
1588
3054
158
318
319
1875
2917
983
491
146
17
209
2177
1181
1864
376
731
976
611
417
149
1564
995
35
776
3148
2620
1213
2634
3066
962
3037
2709
2680
2682
2775
1449
436
2835
805
643
2463
1886
1177
2115
1899
1363
2434
2812
1626
2981
569
2727
1164
404
211
1696
1008
3041
320
824
1710
1895
2720
3124
746
2241
1758
800
2321
817
505
1795
1262
2889
2108
1413
670
2989
977
1637
2528
893
2764
2719
2179
1196
668
2616
2085
1602
291
2183
696
3046
1462
2714
2486
680
1310
3123
2229
2951
2557
3007
1932
740
1729
2861
2385
955
1822
691
2361
1286
2478
2773
1269
1435
174
2394
641
307
2566
3208
1477
3064
716
2002
1837
2260
2830
871
3015
408
2218
644
864
2073
1037
2258
3040
1979
2662
2093
1865
166
1562
2681
2555
3122
1846
1999
1268
2282
301
2133
1311
2303
2754
1676
317
1802
2280
1398
3129
1566
862
570
2190
1958
1382
2188
2765
2178
3116
3149
28
2855
520
1882
2638
1678
246
1346
341
2697
2210
45
538
1288
430
878
2152
1185
3092
754
3206
10
60
1403
1038
2979
3016
2906
568
950
1752
2050
119
1152
2939
687
2365
1695
1855
2863
974
1433
1937
2876
517
2879
1375
2707
1764
1970
1383
2692
1241
2678
311
467
663
3009
3215
3055
1929
394
842
2899
1211
1174
1129
1649
2627
1622
867
1661
1814
3100
434
1650
1244
932
1124
896
998
1681
2328
1646
1891
1709
1576
2833
1747
934
1377
1325
1379
2193
1274
2573
809
1206
1024
1428
57
1340
274
1754
1473
1188
134
2961
1792
239
2214
2420
2631
21
3044
1531
2846
3225
1545
2666
1225
3210
1675
2245
2350
2980
503
275
2869
2993
402
806
2698
2058
1575
2752
3
1732
1603
2954
713
3072
2047
2755
1219
1220
550
1698
2467
1869
3008
706
898
1806
2559
115
2390
2639
1877
1512
3014
2375
3048
518
2791
1412
3201
500
948
938
2801
750
1871
801
1302
1092
2934
2297
1761
874
1812
2445
343
455
2184
154
3224
2211
2593
1222
248
1073
2636
2515
899
1941
3179
2809
1061
444
3076
347
3194
888
2084
792
1647
916
539
2284
466
446
1194
2484
891
1034
359
194
2578
657
1878
1001
1521
2377
2287
2242
2815
1249
1781
2351
389
1337
79
1017
2021
1668
3105
2873
101
2005
2582
897
798
831
1126
781
3204
2065
2577
3020
795
2810
3147
2758
2149
1021
782
2508
2382
1488
810
1917
164
1791
1559
2572
2378
732
2624
783
88
405
2459
1560
471
37
363
2128
2878
748
1938
3159
2404
972
913
1616
1388
802
1615
561
2290
1426
1581
1787
102
374
2156
543
1470
3151
846
2948
1324
371
160
3200
903
2838
2187
1418
2349
368
4
280
1599
1966
2851
1453
2996
735
573
2518
2161
1201
1730
339
2938
365
3111
1953
2552
2772
1808
507
2841
1874
2721
2132
1457
2024
1968
2304
1939
2343
2009
1157
91
473
2388
2103
1232
887
1243
422
2153
529
3180
1485
2617
1592
2785
968
1789
653
3177
587
333
2977
2655
784
2089
2837
1954
2322
1988
1843
3003
2790
233
129
1955
2952
1847
697
652
3133
1620
986
1768
2562
489
1881
1918
3028
873
1621
1813
525
2376
3165
1109
321
2792
2610
940
1826
3231
457
900
1961
1432
73
1009
877
544
994
3091
2753
1912
2983
433
2602
2798
2460
1141
1530
2905
2041
3221
459
723
869
3203
3174
1468
1317
379
2454
960
1514
1410
125
2403
383
26
3031
1120
1986
2999
1707
366
733
356
1003
1381
1361
2292
410
342
1217
298
1536
3127
2121
1451
1062
1460
120
2531
229
1534
1859
439
3083
694
2374
1665
346
1106
997
1458
677
406
2737
1240
1507
2750
2051
1370
1757
3143
2126
2150
1251
1344
919
3086
2941
1600
2180
1880
190
64
207
627
1734
2116
2706
2474
437
304
183
2807
722
1430
954
690
1133
532
3209
1339
2372
865
2700
2548
1817
3136
1277
1950
3202
717
3120
944
2147
94
1731
2313
445
712
2326
143
787
2446
3090
907
2521
2788
920
1502
3139
1086
2289
113
2516
31
1283
1956
97
1416
685
533
2368
861
1894
24
2701
2100
2543
2279
1803
2511
426
3050
2929
2796
759
527
1117
1499
2606
3026
3169
3043
1353
1053
1633
292
147
2314
1889
1982
1083
1107
90
1476
1863
1182
483
1726
1993
496
2827
2556
1775
2236
2127
2887
1568
859
2539
150
2794
1374
1699
3004
702
3113
1773
2171
1782
1112
106
1697
2935
2016
2891
2823
941
1872
1852
2230
2877
2500
2867
1526
234
1247
2113
202
3207
2850
830
3108
1823
1719
2273
779
2854
1916
1765
59
30
2364
2510
2774
12
1192
328
1703
2092
773
435
631
2800
250
1321
480
142
2239
2689
2356
2224
3160
1801
1272
2333
2776
2
1407
2293
623
441
2912
2124
68
857
2708
1420
1612
2360
205
1315
1352
2744
671
1465
2247
1613
100
2581
2536
1386
281
1278
3104
3000
443
230
1390
1245
911
1279
396
1144
2449
578
256
2900
2646
56
2580
1444
2265
448
1641
616
1748
53
2704
1080
2811
1990
2346
2001
1130
845
2760
3142
2076
1224
890
1294
929
1265
1209
1776
1101
512
1359
392
2726
1425
461
681
1280
122
2868
295
2894
1503
2032
1072
715
2660
2498
237
1780
382
1267
1634
2953
3229
2865
884
1815
1046
395
2330
33
3073
2862
1909
285
2387
82
1763
2690
1077
2859
3131
1446
1652
1807
943
2672
1618
2431
1845
1617
2320
2261
829
74
1295
2485
355
1105
2870
3196
2762
1673
774
2828
3145
2450
609
2501
855
661
1674
1442
3069
1316
2423
1745
851
725
2451
2212
1084
475
86
423
2438
213
656
1168
29
2452
2107
2402
2435
2336
651
1228
3132
360
128
1565
1212
2216
3154
1896
2844
882
1452
1984
418
991
946
856
1712
2232
1355
2576
655
3039
2874
2199
2342
749
2039
2787
2767
949
2694
2317
1586
2441
1149
2345
39
2886
157
2789
2172
424
54
1292
2334
718
597
2160
2985
2011
640
1022
9
3079
1049
2778
2890
788
1421
2359
1472
936
299
2141
1931
2432
1362
2483
432
2295
2285
2733
32
1821
442
2715
185
858
219
1721
1356
594
843
3118
674
1427
2335
2527
225
1364
766
1535
2683
2013
2014
478
1186
161
2520
279
1630
1501
3230
481
1658
1175
535
2427
2831
240
364
2958
2730
253
883
988
1558
23
2008
567
1688
8
387
1702
189
3212
602
813
1019
2994
1441
272
3099
2045
1760
1479
2959
1893
3176
1805
2209
2027
2424
660
1959
1040
1854
1908
1856
2299
1486
400
1657
1524
1342
1587
905
1552
2235
2337
2109
2301
1989
1583
2799
133
1419
1572
2366
1611
606
1584
2104
2059
2022
334
2391
2839
1304
178
18
224
2570
2766
2922
555
1992
541
1850
1263
1469
526
1858
354
2716
357
1296
1800
2259
370
1378
1538
868
2546
294
2081
3114
1183
1481
2283
2665
327
217
254
2195
1830
3173
3223
27
2479
141
2048
1081
2355
2803
1945
2695
3188
1023
536
2892
1887
2987
1555
595
1351
2713
378
3205
84
117
1055
468
1045
1851
1275
1043
2663
2371
1667
104
1835
953
1431
2916
1557
479
930
1922
1100
2932
951
1965
1234
1387
111
678
552
1671
3067
1368
1140
571
1254
193
975
2196
1160
2369
2589
1015
2825
218
2362
403
973
1396
1231
2517
169
1756
25
667
2926
2592
839
3059
1798
1964
460
755
1947
872
2542
1411
2278
848
372
1504
2493
1301
226
676
282
1004
110
1923
2553
747
519
1771
187
2537
1050
2942
1631
1148
617
2565
2037
1054
514
469
2340
705
1596
2256
244
2563
1820
1125
344
1971
1438
2728
2416
912
2433
1475
992
2487
109
513
1338
1523
2409
2913
192
2225
1537
3022
2829
2069
506
2664
252
1607
421
799
1870
1334
1118
2056
1347
770
2590
2428
398
2797
1784
458
551
553
524
196
2271
167
599
2020
613
85
2457
3198
2238
1669
3084
2816
2622
2257
2502
2857
1369
2052
1056
3024
3216
3087
2742
2250
316
1358
2914
2915
3075
179
1645
2043
3035
2266
1554
1110
216
3195
910
323
1261
923
2095
2007
3117
345
1578
2155
1995
127
1136
577
1574
2960
1333
1235
1861
1832
1834
1927
2880
807
2729
2978
7
979
2098
2396
1002
2482
144
2169
1169
3110
2928
1099
2674
210
2418
1483
2597
2545
1928
2864
1884
438
199
2243
2488
269
545
486
1860
1632
2937
2042
2696
2534
1670
1154
1360
1200
2936
2461
3227
2263
2907
114
1606
165
1408
2417
1980
1025
1496
662
381
3081
2198
614
1866
684
1051
1204
2063
1593
1467
2769
993
819
1323
510
2596
742
2439
1769
1221
2308
332
1259
812
2170
2972
2294
1705
1701
2268
870
2731
841
2587
2253
730
2897
1571
1717
2408
683
1680
999
2923
811
2603
984
509
1397
1714
1443
2676
752
1385
1774
1197
1919
2062
1740
2370
2699
1434
2686
1285
463
501
3125
1570
2490
1166
796
1610
1115
453
1445
2584
1925
315
2866
2135
62
2125
2162
1930
1300
523
2057
769
1949
2738
2207
2883
3097
2061
1733
1582
2499
2348
2974
2998
456
2086
1131
2768
2252
3190
590
1350
2522
1336
2751
1687
1151
3070
2971
2262
1868
516
1879
581
2736
3126
1007
2015
126
585
135
14
411
1819
739
1223
1976
3189
270
42
22
2413
1901
1951
610
306
3162
2101
710
1666
1743
1203
98
485
2189
377
931
1145
231
1184
118
1828
1494
961
131
2469
2025
2168
3012
727
2275
2176
1838
3193
3166
2568
528
1517
264
2544
1591
709
638
1513
703
1577
2455
580
2442
492
2659
3185
1844
1082
2307
2325
308
451
200
1307
3214
2035
2779
3121
1097
3172
2075
2613
271
1991
2947
3146
654
1867
3047
1335
1597
1297
3158
170
2221
362
303
579
2547
619
3140
622
1985
1853
1093
2702
1749
1167
2034
55
2202
650
358
2826
2117
2018
1075
2712
1330
2533
2248
2943
2166
1527
2200
2903
989
1783
3095
2673
312
2687
3013
1969
758
1384
83
827
1291
548
1708
1404
1759
1491
2357
1727
3085
1691
2111
1522
420
3183
1785
596
2000
2038
2436
669
1006
2120
3181
1981
744
1619
1975
3167
2031
1322
1594
2400
2129
2019
2480
1029
81
470
1103
2783
2956
2367
2472
1028
76
153
673
1529
1439
440
3186
1143
721
1715
2138
1549
1298
3137
2604
449
2840
1230
1585
1952
3112
844
3077
2845
2398
1682
1508
952
1888
847
2756
1114
2670
2122
1672
2558
2743
335
1693
375
2347
2818
1436
572
605
2519
2908
679
875
2373
3056
2419
3042
447
1690
249
2112
1492
1818
642
2309
1357
1556
124
65
768
2819
1173
1509
2734
1654
3175
1793
3006
2222
957
937
278
3060
1402
793
245
1271
2650
2174
1239
1804
1142
1074
729
176
2329
1541
3036
963
1489
1155
181
823
46
2693
822
3062
2473
511
2618
2885
895
3058
204
909
2507
589
1090
1728
3093
2933
648
821
964
1862
2675
137
1495
1161
309
2476
1904
2759
1997
172
251
2992
634
139
2649
530
266
2352
3182
1036
915
2319
600
2223
2601
1605
645
959
2904
1400
664
682
626
1511
1207
2526
1094
2194
1189
1266
1839
151
1598
1924
1914
666
933
2298
2509
1973
238
1653
1809
1456
508
3032
737
892
2529
49
215
3163
808
92
978
2383
2842
2331
2332
1326
2246
373
2626
756
2213
1978
103
693
2718
2023
853
2745
2990
1088
576
1686
80
889
1996
2843
180
1030
1902
3005
840
2976
1977
2497
242
2470
2669
1290
1920
927
1070
3134
1032
2946
2237
313
2217
1946
738
162
1944
1179
1629
554
2966
2895
476
3021
2492
2882
214
612
2505
1683
1660
1905
1753
2612
2447
2443
2586
2884
2466
1689
3011
1193
2267
1890
2684
1770
1454
1796
832
2642
2658
1447
1013
1461
2311
72
2456
2609
2305
1123
484
608
1250
2608
2327
2164
2635
155
1487
1520
384
834
130
1058
2312
1165
2968
1273
20
1751
188
3088
1736
3038
2594
2919
15
2288
429
1102
2354
2148
258
838
1087
2691
247
2525
1664
2832
2909
2157
522
803
1341
854
3051
2735
3199
283
1178
1987
593
2233
1827
1091
11
260
2853
780
208
2070
1096
1921
1205
2144
1005
3001
582
1060
849
2458
956
2997
1180
1153
494
2541
1700
386
592
5
1685
2407
293
947
2004
1723
2532
1466
1041
1134
2514
1478
3217
416
1227
2931
695
2945
880
1079
1608
2291
132
487
2074
184
1515
3138
1320
1422
462
2911
586
2315
1762
1841
77
1694
1146
635
1643
425
762
1327
1778
1127
1842
3144
633
1276
2824
3030
2814
3010
1824
982
894
785
2094
836
1042
1624
1187
659
2167
1150
1052
1068
917
2444
2415
562
2881
2668
2185
556
2077
1915
78
2893
1018
2645
2535
1840
2805
427
672
2186
1735
1137
263
828
105
159
1644
603
1963
2944
1816
3220
3197
1216
852
1128
168
1595
2957
2513
399
2219
361
1299
41
618
2949
604
1348
2114
3164
1423
2605
493
3027
2468
1940
337
601
2821
397
63
431
2781
2575
2820
472
2429
2264
1162
268
566
331
2848
2462
1376
2206
3232
0
1
1027
1857
771
385
2902
2667
2965
2071
969
804
2761
413
658
452
2802
3170
2836
412
2632
2896
1293
765
206
2740
628
1810
69
1119
1885
2629
284
2615
3192
1934
2872
1014
2834
720
276
1638
3065
2105
2381
2017
36
13
1417
289
1270
2630
1589
3074
3128
2405
2970
2096
1498
1047
2561
2806
428
1393
698
588
2215
340
3155
1318
1156
2677
1048
565
352
2671
818
789
2316
2165
2181
2083
1066
2574
2046
1609
2191
2397
1139
2448
2339
2251
1409
223
419
203
409
1957
2600
89
1391
2106
1455
1906
2471
2808
1590
2598
2087
1539
3156
1392
1471
918
2647
322
2771
1811
1913
95
1718
3049
1159
2746
3101
942
1625
2154
2353
288
2538
302
2006
2817
16
1755
719
2099
2192
1767
701
1510
1229
2286
2940
826
1548
3228
2641
2847
1533
692
2739
2080
2053
236
2277
775
2384
2173
2651
232
2228
1089
2028
1312
2137
1163
3025
2453
380
2973
3222
2142
1406
1000
2640
1246
2055
2950
34
498
182
2379
1892
2430
2711
1076
324
401
1569
708
2986
542
2146
2395
2975
1085
879
2131
2804
945
3218
314
639
195
1497
145
3045
1482
3213
1960
265
2068
921
2175
3103
2399
2849
1713
1746
3078
598
1069
906
625
1983
2625
2749
2110
928
624
777
3161
922
1772
2220
1786
575
591
2401
1437
1779
1463
549
1343
966
2040
222
1544
767
349
647
790
786
621
1480
1328
1573
1550
728
2621
3019
351
741
212
2757
338
267
2679
1604
2054
1289
3071
2495
1287
1016
2920
996
287
2201
99
2163
2306
1313
1943
564
763
2991
736
1256
257
2393
228
1331
2203
3053
390
1237
2344
3153
1547
2657
2145
243
488
2380
1210
515
2540
3130
1255
1020
2477
607
2860
987
1907
901
902
391
850
2255
3141
2425
70
3018
3184
704
2341
2496
201
2725
1777
1424
1580
2995
1260
724
935
2300
2567
1319
1309
1635
3082
1394
1967
2044
1039
2139
707
2026
1722
2607
2551
2569
1833
329
2274
2588
1628
632
1010
2633
914
2318
2197
51
881
2967
2703
584
3094
2599
241
2982
3061
1236
474
1329
757
2924
2072
1738
3096
558
1371
2269
2412
2585
300
140
1505
2143
2644
726
2324
3029
175
2338
348
615
2722
760
171
2411
540
3187
2410
3052
2078
1744
2270
197
1692
904
3057
2504
2159
2091
1429
1994
1059
583
1962
2988
2440
1831
173
2955
2296
2276
1011
227
1440
58
1579
499
1724
2060
414
2465
3168
3109
1677
1876
924
2591
1415
1741
1121
2984
1543
2786
191
814
177
860
2358
2554
325
714
2628
2661
1797
415
886
2858
1540
2898
490
675
1561
1111
563
2119
477
2386
1345
2281
1725
1551
835
388
156
2389
121
1281
1648
2003
393
2784
629
96
1935
1684
1095
1518
2512
2090
47
2793
1794
1704
2560
3080
3157
2205
761
866
277
450
2130
2763
3152
2204
753
1214
1104
833
1639
1911
1202
66
1258
1614
2489
1252
52
1113
2227
2564
797
1195
1233
2637
1448
50
2813
1711
1122
1542
148
1506
876
1742
1474
1829
1525
2685
1942
2406
3150
1849
2475
1264
220
546
2921
560
138
1450
2244
330
1033
1706
1067
290
985
700
1903
521
2158
1215
1116
407
2875
2583
1031
3178
1199
2066
1484
531
2140
1380
1248
2611
93
2614
686
2654
2930
2871
1012
3063
75
1936
1636
1898
186
1366
2579
87
286
1242
2962
620
1158
61
2136
112
454
1198
19
1926
3033
2782
2925
908
926
2151
1389
48
574
2741
791
2653
778
1656
2530
1720
2595
2524
1642
689
2969
1716
2705
665
67
40
1395
1057
958
2506
221
1065
1208
764
3102
2272
1739
1405
3115
2049
3002
2088
2302
2856
1044
2748
3135
2030
1490
1567
2523
1132
71
2927
2623
1282
1332
820
3211
3191
2963
44
1257
2010
2494
1414
2822
3219
3098
2648
3107
1218
2226
107
497
2652
1354
2717
1365
971
262
163
2082
1546
482
1897
711
1883
2643
43
981
465
2102
1147
2777
235
259
885
734
1651
1500
1172
136
350
1026
495
1284
2464
1176
2710
1933
1303
1071
1108
3171
1098
367
2918
1308
649
1788
2780
2118
1623
2437
2067
743
1663
108
2732
2770
1948
547
1799
534
863
1493
1171
1314
2036
1459
1848
2481
557
1790
1519
1836
2724
2249
630
2422
310
2234
1553
2550
825
1516
1662
336
2503
980
646
2392
502
2363
965
1532
1528
939
261
1063
2421
1974
2901
925
2012
1464
794
2491
637
2723
1910
2414
2240
464
1766
1640
1170
2029
2182
2549
1367
2619
1035
152
2852
2571
1737
2208
1253
816
1825
3068
1627
3119
326
970
6
772
297
2033
1873
2079
1563
699
537
1191
296
1601
1373
2747
2688
2964
745
990
3034
2795
1349
369
1305
688
636
1750
815
3023
559
2134
305
123
2064
1064
3089
751
2231
837
1135
2254
3226
255
504
2426
353
1306
1399
1401
1372
1998
1900
273
1659
2656
2097
3106
1238
1078
1655
2888
116
1226
1138
2310
1972
2910
2323
38
3017
2123
1679
967
198
1190
1588
3054
158
318
319
1875
2917
983
491
146
17
209
2177
1181
1864
376
731
976
611
417
149
1564
995
35
776
3148
2620
1213
2634
3066
962
3037
2709
2680
2682
2775
1449
436
2835
805
643
2463
1886
1177
2115
1899
1363
2434
2812
1626
2981
569
2727
1164
404
211
1696
1008
3041
320
824
1710
1895
2720
3124
746
2241
1758
800
2321
817
505
1795
1262
2889
2108
1413
670
2989
977
1637
2528
893
2764
2719
2179
1196
668
2616
2085
1602
291
2183
696
3046
1462
2714
2486
680
1310
3123
2229
2951
2557
3007
1932
740
1729
2861
2385
955
1822
691
2361
1286
2478
2773
1269
1435
174
2394
641
307
2566
3208
1477
3064
716
2002
1837
2260
2830
871
3015
408
2218
644
864
2073
1037
2258
3040
1979
2662
2093
1865
166
1562
2681
2555
3122
1846
1999
1268
2282
301
2133
1311
2303
2754
1676
317
1802
2280
1398
3129
1566
862
570
2190
1958
1382
2188
2765
2178
3116
3149
28
2855
520
1882
2638
1678
246
1346
341
2697
2210
45
538
1288
430
878
2152
1185
3092
754
3206
10
60
1403
1038
2979
3016
2906
568
950
1752
2050
119
1152
2939
687
2365
1695
1855
2863
974
1433
1937
2876
517
2879
1375
2707
1764
1970
1383
2692
1241
2678
311
467
663
3009
3215
3055
1929
394
842
2899
1211
1174
1129
1649
2627
1622
867
1661
1814
3100
434
1650
1244
932
1124
896
998
1681
2328
1646
1891
1709
1576
2833
1747
934
1377
1325
1379
2193
1274
2573
809
1206
1024
1428
57
1340
274
1754
1473
1188
134
2961
1792
239
2214
2420
2631
21
3044
1531
2846
3225
1545
2666
1225
3210
1675
2245
2350
2980
503
275
2869
2993
402
806
2698
2058
1575
2752
3
1732
1603
2954
713
3072
2047
2755
1219
1220
550
1698
2467
1869
3008
706
898
1806
2559
115
2390
2639
1877
1512
3014
2375
3048
518
2791
1412
3201
500
948
938
2801
750
1871
801
1302
1092
2934
2297
1761
874
1812
2445
343
455
2184
154
3224
2211
2593
1222
248
1073
2636
2515
899
1941
3179
2809
1061
444
3076
347
3194
888
2084
792
1647
916
539
2284
466
446
1194
2484
891
1034
359
194
2578
657
1878
1001
1521
2377
2287
2242
2815
1249
1781
2351
389
1337
79
1017
2021
1668
3105
2873
101
2005
2582
897
798
831
1126
781
3204
2065
2577
3020
795
2810
3147
2758
2149
1021
782
2508
2382
1488
810
1917
164
1791
1559
2572
2378
732
2624
783
88
405
2459
1560
471
37
363
2128
2878
748
1938
3159
2404
972
913
1616
1388
802
1615
561
2290
1426
1581
1787
102
374
2156
543
1470
3151
846
2948
1324
371
160
3200
903
2838
2187
1418
2349
368
4
280
1599
1966
2851
1453
2996
735
573
2518
2161
1201
1730
339
2938
365
3111
1953
2552
2772
1808
507
2841
1874
2721
2132
1457
2024
1968
2304
1939
2343
2009
1157
91
473
2388
2103
1232
887
1243
422
2153
529
3180
1485
2617
1592
2785
968
1789
653
3177
587
333
2977
2655
784
2089
2837
1954
2322
1988
1843
3003
2790
233
129
1955
2952
1847
697
652
3133
1620
986
1768
2562
489
1881
1918
3028
873
1621
1813
525
2376
3165
1109
321
2792
2610
940
1826
3231
457
900
1961
1432
73
1009
877
544
994
3091
2753
1912
2983
433
2602
2798
2460
1141
1530
2905
2041
3221
459
723
869
3203
3174
1468
1317
379
2454
960
1514
1410
125
2403
383
26
3031
1120
1986
2999
1707
366
733
356
1003
1381
1361
2292
410
342
1217
298
1536
3127
2121
1451
1062
1460
120
2531
229
1534
1859
439
3083
694
2374
1665
346
1106
997
1458
677
406
2737
1240
1507
2750
2051
1370
1757
3143
2126
2150
1251
1344
919
3086
2941
1600
2180
1880
190
64
207
627
1734
2116
2706
2474
437
304
183
2807
722
1430
954
690
1133
532
3209
1339
2372
865
2700
2548
1817
3136
1277
1950
3202
717
3120
944
2147
94
1731
2313
445
712
2326
143
787
2446
3090
907
2521
2788
920
1502
3139
1086
2289
113
2516
31
1283
1956
97
1416
685
533
2368
861
1894
24
2701
2100
2543
2279
1803
2511
426
3050
2929
2796
759
527
1117
1499
2606
3026
3169
3043
1353
1053
1633
292
147
2314
1889
1982
1083
1107
90
1476
1863
1182
483
1726
1993
496
2827
2556
1775
2236
2127
2887
1568
859
2539
150
2794
1374
1699
3004
702
3113
1773
2171
1782
1112
106
1697
2935
2016
2891
2823
941
1872
1852
2230
2877
2500
2867
1526
234
1247
2113
202
3207
2850
830
3108
1823
1719
2273
779
2854
1916
1765
59
30
2364
2510
2774
12
1192
328
1703
2092
773
435
631
2800
250
1321
480
142
2239
2689
2356
2224
3160
1801
1272
2333
2776
2
1407
2293
623
441
2912
2124
68
857
2708
1420
1612
2360
205
1315
1352
2744
671
1465
2247
1613
100
2581
2536
1386
281
1278
3104
3000
443
230
1390
1245
911
1279
396
1144
2449
578
256
2900
2646
56
2580
1444
2265
448
1641
616
1748
53
2704
1080
2811
1990
2346
2001
1130
845
2760
3142
2076
1224
890
1294
929
1265
1209
1776
1101
512
1359
392
2726
1425
461
681
1280
122
2868
295
2894
1503
2032
1072
715
2660
2498
237
1780
382
1267
1634
2953
3229
2865
884
1815
1046
395
2330
33
3073
2862
1909
285
2387
82
1763
2690
1077
2859
3131
1446
1652
1807
943
2672
1618
2431
1845
1617
2320
2261
829
74
1295
2485
355
1105
2870
3196
2762
1673
774
2828
3145
2450
609
2501
855
661
1674
1442
3069
1316
2423
1745
851
725
2451
2212
1084
475
86
423
2438
213
656
1168
29
2452
2107
2402
2435
2336
651
1228
3132
360
128
1565
1212
2216
3154
1896
2844
882
1452
1984
418
991
946
856
1712
2232
1355
2576
655
3039
2874
2199
2342
749
2039
2787
2767
949
2694
2317
1586
2441
1149
2345
39
2886
157
2789
2172
424
54
1292
2334
718
597
2160
2985
2011
640
1022
9
3079
1049
2778
2890
788
1421
2359
1472
936
299
2141
1931
2432
1362
2483
432
2295
2285
2733
32
1821
442
2715
185
858
219
1721
1356
594
843
3118
674
1427
2335
2527
225
1364
766
1535
2683
2013
2014
478
1186
161
2520
279
1630
1501
3230
481
1658
1175
535
2427
2831
240
364
2958
2730
253
883
988
1558
23
2008
567
1688
8
387
1702
189
3212
602
813
1019
2994
1441
272
3099
2045
1760
1479
2959
1893
3176
1805
2209
2027
2424
660
1959
1040
1854
1908
1856
2299
1486
400
1657
1524
1342
1587
905
1552
2235
2337
2109
2301
1989
1583
2799
133
1419
1572
2366
1611
606
1584
2104
2059
2022
334
2391
2839
1304
178
18
224
2570
2766
2922
555
1992
541
1850
1263
1469
526
1858
354
2716
357
1296
1800
2259
370
1378
1538
868
2546
294
2081
3114
1183
1481
2283
2665
327
217
254
2195
1830
3173
3223
27
2479
141
2048
1081
2355
2803
1945
2695
3188
1023
536
2892
1887
2987
1555
595
1351
2713
378
3205
84
117
1055
468
1045
1851
1275
1043
2663
2371
1667
104
1835
953
1431
2916
1557
479
930
1922
1100
2932
951
1965
1234
1387
111
678
552
1671
3067
1368
1140
571
1254
193
975
2196
1160
2369
2589
1015
2825
218
2362
403
973
1396
1231
2517
169
1756
25
667
2926
2592
839
3059
1798
1964
460
755
1947
872
2542
1411
2278
848
372
1504
2493
1301
226
676
282
1004
110
1923
2553
747
519
1771
187
2537
1050
2942
1631
1148
617
2565
2037
1054
514
469
2340
705
1596
2256
244
2563
1820
1125
344
1971
1438
2728
2416
912
2433
1475
992
2487
109
513
1338
1523
2409
2913
192
2225
1537
3022
2829
2069
506
2664
252
1607
421
799
1870
1334
1118
2056
1347
770
2590
2428
398
2797
1784
458
551
553
524
196
2271
167
599
2020
613
85
2457
3198
2238
1669
3084
2816
2622
2257
2502
2857
1369
2052
1056
3024
3216
3087
2742
2250
316
1358
2914
2915
3075
179
1645
2043
3035
2266
1554
1110
216
3195
910
323
1261
923
2095
2007
3117
345
1578
2155
1995
127
1136
577
1574
2960
1333
1235
1861
1832
1834
1927
2880
807
2729
2978
7
979
2098
2396
1002
2482
144
2169
1169
3110
2928
1099
2674
210
2418
1483
2597
2545
1928
2864
1884
438
199
2243
2488
269
545
486
1860
1632
2937
2042
2696
2534
1670
1154
1360
1200
2936
2461
3227
2263
2907
114
1606
165
1408
2417
1980
1025
1496
662
381
3081
2198
614
1866
684
1051
1204
2063
1593
1467
2769
993
819
1323
510
2596
742
2439
1769
1221
2308
332
1259
812
2170
2972
2294
1705
1701
2268
870
2731
841
2587
2253
730
2897
1571
1717
2408
683
1680
999
2923
811
2603
984
509
1397
1714
1443
2676
752
1385
1774
1197
1919
2062
1740
2370
2699
1434
2686
1285
463
501
3125
1570
2490
1166
796
1610
1115
453
1445
2584
1925
315
2866
2135
62
2125
2162
1930
1300
523
2057
769
1949
2738
2207
2883
3097
2061
1733
1582
2499
2348
2974
2998
456
2086
1131
2768
2252
3190
590
1350
2522
1336
2751
1687
1151
3070
2971
2262
1868
516
1879
581
2736
3126
1007
2015
126
585
135
14
411
1819
739
1223
1976
3189
270
42
22
2413
1901
1951
610
306
3162
2101
710
1666
1743
1203
98
485
2189
377
931
1145
231
1184
118
1828
1494
961
131
2469
2025
2168
3012
727
2275
2176
1838
3193
3166
2568
528
1517
264
2544
1591
709
638
1513
703
1577
2455
580
2442
492
2659
3185
1844
1082
2307
2325
308
451
200
1307
3214
2035
2779
3121
1097
3172
2075
2613
271
1991
2947
3146
654
1867
3047
1335
1597
1297
3158
170
2221
362
303
579
2547
619
3140
622
1985
1853
1093
2702
1749
1167
2034
55
2202
650
358
2826
2117
2018
1075
2712
1330
2533
2248
2943
2166
1527
2200
2903
989
1783
3095
2673
312
2687
3013
1969
758
1384
83
827
1291
548
1708
1404
1759
1491
2357
1727
3085
1691
2111
1522
420
3183
1785
596
2000
2038
2436
669
1006
2120
3181
1981
744
1619
1975
3167
2031
1322
1594
2400
2129
2019
2480
1029
81
470
1103
2783
2956
2367
2472
1028
76
153
673
1529
1439
440
3186
1143
721
1715
2138
1549
1298
3137
2604
449
2840
1230
1585
1952
3112
844
3077
2845
2398
1682
1508
952
1888
847
2756
1114
2670
2122
1672
2558
2743
335
1693
375
2347
2818
1436
572
605
2519
2908
679
875
2373
3056
2419
3042
447
1690
249
2112
1492
1818
642
2309
1357
1556
124
65
768
2819
1173
1509
2734
1654
3175
1793
3006
2222
957
937
278
3060
1402
793
245
1271
2650
2174
1239
1804
1142
1074
729
176
2329
1541
3036
963
1489
1155
181
823
46
2693
822
3062
2473
511
2618
2885
895
3058
204
909
2507
589
1090
1728
3093
2933
648
821
964
1862
2675
137
1495
1161
309
2476
1904
2759
1997
172
251
2992
634
139
2649
530
266
2352
3182
1036
915
2319
600
2223
2601
1605
645
959
2904
1400
664
682
626
1511
1207
2526
1094
2194
1189
1266
1839
151
1598
1924
1914
666
933
2298
2509
1973
238
1653
1809
1456
508
3032
737
892
2529
49
215
3163
808
92
978
2383
2842
2331
2332
1326
2246
373
2626
756
2213
1978
103
693
2718
2023
853
2745
2990
1088
576
1686
80
889
1996
2843
180
1030
1902
3005
840
2976
1977
2497
242
2470
2669
1290
1920
927
1070
3134
1032
2946
2237
313
2217
1946
738
162
1944
1179
1629
554
2966
2895
476
3021
2492
2882
214
612
2505
1683
1660
1905
1753
2612
2447
2443
2586
2884
2466
1689
3011
1193
2267
1890
2684
1770
1454
1796
832
2642
2658
1447
1013
1461
2311
72
2456
2609
2305
1123
484
608
1250
2608
2327
2164
2635
155
1487
1520
384
834
130
1058
2312
1165
2968
1273
20
1751
188
3088
1736
3038
2594
2919
15
2288
429
1102
2354
2148
258
838
1087
2691
247
2525
1664
2832
2909
2157
522
803
1341
854
3051
2735
3199
283
1178
1987
593
2233
1827
1091
11
260
2853
780
208
2070
1096
1921
1205
2144
1005
3001
582
1060
849
2458
956
2997
1180
1153
494
2541
1700
386
592
5
1685
2407
293
947
2004
1723
2532
1466
1041
1134
2514
1478
3217
416
1227
2931
695
2945
880
1079
1608
2291
132
487
2074
184
1515
3138
1320
1422
462
2911
586
2315
1762
1841
77
1694
1146
635
1643
425
762
1327
1778
1127
1842
3144
633
1276
2824
3030
2814
3010
1824
982
894
785
2094
836
1042
1624
1187
659
2167
1150
1052
1068
917
2444
2415
562
2881
2668
2185
556
2077
1915
78
2893
1018
2645
2535
1840
2805
427
672
2186
1735
1137
263
828
105
159
1644
603
1963
2944
1816
3220
3197
1216
852
1128
168
1595
2957
2513
399
2219
361
1299
41
618
2949
604
1348
2114
3164
1423
2605
493
3027
2468
1940
337
601
2821
397
63
431
2781
2575
2820
472
2429
2264
1162
268
566
331
2848
2462
1376
2206
3232
0
1
1027
1857
771
385
2902
2667
2965
2071
969
804
2761
413
658
452
2802
3170
2836
412
2632
2896
1293
765
206
2740
628
1810
69
1119
1885
2629
284
2615
3192
1934
2872
1014
2834
720
276
1638
3065
2105
2381
2017
36
13
1417
289
1270
2630
1589
3074
3128
2405
2970
2096
1498
1047
2561
2806
428
1393
698
588
2215
340
3155
1318
1156
2677
1048
565
352
2671
818
789
2316
2165
2181
2083
1066
2574
2046
1609
2191
2397
1139
2448
2339
2251
1409
223
419
203
409
1957
2600
89
1391
2106
1455
1906
2471
2808
1590
2598
2087
1539
3156
1392
1471
918
2647
322
2771
1811
1913
95
1718
3049
1159
2746
3101
942
1625
2154
2353
288
2538
302
2006
2817
16
1755
719
2099
2192
1767
701
1510
1229
2286
2940
826
1548
3228
2641
2847
1533
692
2739
2080
2053
236
2277
775
2384
2173
2651
232
2228
1089
2028
1312
2137
1163
3025
2453
380
2973
3222
2142
1406
1000
2640
1246
2055
2950
34
498
182
2379
1892
2430
2711
1076
324
401
1569
708
2986
542
2146
2395
2975
1085
879
2131
2804
945
3218
314
639
195
1497
145
3045
1482
3213
1960
265
2068
921
2175
3103
2399
2849
1713
1746
3078
598
1069
906
625
1983
2625
2749
2110
928
624
777
3161
922
1772
2220
1786
575
591
2401
1437
1779
1463
549
1343
966
2040
222
1544
767
349
647
790
786
621
1480
1328
1573
1550
728
2621
3019
351
741
212
2757
338
267
2679
1604
2054
1289
3071
2495
1287
1016
2920
996
287
2201
99
2163
2306
1313
1943
564
763
2991
736
1256
257
2393
228
1331
2203
3053
390
1237
2344
3153
1547
2657
2145
243
488
2380
1210
515
2540
3130
1255
1020
2477
607
2860
987
1907
901
902
391
850
2255
3141
2425
70
3018
3184
704
2341
2496
201
2725
1777
1424
1580
2995
1260
724
935
2300
2567
1319
1309
1635
3082
1394
1967
2044
1039
2139
707
2026
1722
2607
2551
2569
1833
329
2274
2588
1628
632
1010
2633
914
2318
2197
51
881
2967
2703
584
3094
2599
241
2982
3061
1236
474
1329
757
2924
2072
1738
3096
558
1371
2269
2412
2585
300
140
1505
2143
2644
726
2324
3029
175
2338
348
615
2722
760
171
2411
540
3187
2410
3052
2078
1744
2270
197
1692
904
3057
2504
2159
2091
1429
1994
1059
583
1962
2988
2440
1831
173
2955
2296
2276
1011
227
1440
58
1579
499
1724
2060
414
2465
3168
3109
1677
1876
924
2591
1415
1741
1121
2984
1543
2786
191
814
177
860
2358
2554
325
714
2628
2661
1797
415
886
2858
1540
2898
490
675
1561
1111
563
2119
477
2386
1345
2281
1725
1551
835
388
156
2389
121
1281
1648
2003
393
2784
629
96
1935
1684
1095
1518
2512
2090
47
2793
1794
1704
2560
3080
3157
2205
761
866
277
450
2130
2763
3152
2204
753
1214
1104
833
1639
1911
1202
66
1258
1614
2489
1252
52
1113
2227
2564
797
1195
1233
2637
1448
50
2813
1711
1122
1542
148
1506
876
1742
1474
1829
1525
2685
1942
2406
3150
1849
2475
1264
220
546
2921
560
138
1450
2244
330
1033
1706
1067
290
985
700
1903
521
2158
1215
1116
407
2875
2583
1031
3178
1199
2066
1484
531
2140
1380
1248
2611
93
2614
686
2654
2930
2871
1012
3063
75
1936
1636
1898
186
1366
2579
87
286
1242
2962
620
1158
61
2136
112
454
1198
19
1926
3033
2782
2925
908
926
2151
1389
48
574
2741
791
2653
778
1656
2530
1720
2595
2524
1642
689
2969
1716
2705
665
67
40
1395
1057
958
2506
221
1065
1208
764
3102
2272
1739
1405
3115
2049
3002
2088
2302
2856
1044
2748
3135
2030
1490
1567
2523
1132
71
2927
2623
1282
1332
820
3211
3191
2963
44
1257
2010
2494
1414
2822
3219
3098
2648
3107
1218
2226
107
497
2652
1354
2717
1365
971
262
163
2082
1546
482
1897
711
1883
2643
43
981
465
2102
1147
2777
235
259
885
734
1651
1500
1172
136
350
1026
495
1284
2464
1176
2710
1933
1303
1071
1108
3171
1098
367
2918
1308
649
1788
2780
2118
1623
2437
2067
743
1663
108
2732
2770
1948
547
1799
534
863
1493
1171
1314
2036
1459
1848
2481
557
1790
1519
1836
2724
2249
630
2422
310
2234
1553
2550
825
1516
1662
336
2503
980
646
2392
502
2363
965
1532
1528
939
261
1063
2421
1974
2901
925
2012
1464
794
2491
637
2723
1910
2414
2240
464
1766
1640
1170
2029
2182
2549
1367
2619
1035
152
2852
2571
1737
2208
1253
816
1825
3068
1627
3119
326
970
6
772
297
2033
1873
2079
1563
699
537
1191
296
1601
1373
2747
2688
2964
745
990
3034
2795
1349
369
1305
688
636
1750
815
3023
559
2134
305
123
2064
1064
3089
751
2231
837
1135
2254
3226
255
504
2426
353
1306
1399
1401
1372
1998
1900
273
1659
2656
2097
3106
1238
1078
1655
2888
116
1226
1138
2310
1972
2910
2323
38
3017
2123
1679
967
198
1190
1588
3054
158
318
319
1875
2917
983
491
146
17
209
2177
1181
1864
376
731
976
611
417
149
1564
995
35
776
3148
2620
1213
2634
3066
962
3037
2709
2680
2682
2775
1449
436
2835
805
643
2463
1886
1177
2115
1899
1363
2434
2812
1626
2981
569
2727
1164
404
211
1696
1008
3041
320
824
1710
1895
2720
3124
746
2241
1758
800
2321
817
505
1795
1262
2889
2108
1413
670
2989
977
1637
2528
893
2764
2719
2179
1196
668
2616
2085
1602
291
2183
696
3046
1462
2714
2486
680
1310
3123
2229
2951
2557
3007
1932
740
1729
2861
2385
955
1822
691
2361
1286
2478
2773
1269
1435
174
2394
641
307
2566
3208
1477
3064
716
2002
1837
2260
2830
871
3015
408
2218
644
864
2073
1037
2258
3040
1979
2662
2093
1865
166
1562
2681
2555
3122
1846
1999
1268
2282
301
2133
1311
2303
2754
1676
317
1802
2280
1398
3129
1566
862
570
2190
1958
1382
2188
2765
2178
3116
3149
28
2855
520
1882
2638
1678
246
1346
341
2697
2210
45
538
1288
430
878
2152
1185
3092
754
3206
10
60
1403
1038
2979
3016
2906
568
950
1752
2050
119
1152
2939
687
2365
1695
1855
2863
974
1433
1937
2876
517
2879
1375
2707
1764
1970
1383
2692
1241
2678
311
467
663
3009
3215
3055
1929
394
842
2899
1211
1174
1129
1649
2627
1622
867
1661
1814
3100
434
1650
1244
932
1124
896
998
1681
2328
1646
1891
1709
1576
2833
1747
934
1377
1325
1379
2193
1274
2573
809
1206
1024
1428
57
1340
274
1754
1473
1188
134
2961
1792
239
2214
2420
2631
21
3044
1531
2846
3225
1545
2666
1225
3210
1675
2245
2350
2980
503
275
2869
2993
402
806
2698
2058
1575
2752
3
1732
1603
2954
713
3072
2047
2755
1219
1220
550
1698
2467
1869
3008
706
898
1806
2559
115
2390
2639
1877
1512
3014
2375
3048
518
2791
1412
3201
500
948
938
2801
750
1871
801
1302
1092
2934
2297
1761
874
1812
2445
343
455
2184
154
3224
2211
2593
1222
248
1073
2636
2515
899
1941
3179
2809
1061
444
3076
347
3194
888
2084
792
1647
916
539
2284
466
446
1194
2484
891
1034
359
194
2578
657
1878
1001
1521
2377
2287
2242
2815
1249
1781
2351
389
1337
79
1017
2021
1668
3105
2873
101
2005
2582
897
798
831
1126
781
3204
2065
2577
3020
795
2810
3147
2758
2149
1021
782
2508
2382
1488
810
1917
164
1791
1559
2572
2378
732
2624
783
88
405
2459
1560
471
37
363
2128
2878
748
1938
3159
2404
972
913
1616
1388
802
1615
561
2290
1426
1581
1787
102
374
2156
543
1470
3151
846
2948
1324
371
160
3200
903
2838
2187
1418
2349
368
4
280
1599
1966
2851
1453
2996
735
573
2518
2161
1201
1730
339
2938
365
3111
1953
2552
2772
1808
507
2841
1874
2721
2132
1457
2024
1968
2304
1939
2343
2009
1157
91
473
2388
2103
1232
887
1243
422
2153
529
3180
1485
2617
1592
2785
968
1789
653
3177
587
333
2977
2655
784
2089
2837
1954
2322
1988
1843
3003
2790
233
129
1955
2952
1847
697
652
3133
1620
986
1768
2562
489
1881
1918
3028
873
1621
1813
525
2376
3165
1109
321
2792
2610
940
1826
3231
457
900
1961
1432
73
1009
877
544
994
3091
2753
1912
2983
433
2602
2798
2460
1141
1530
2905
2041
3221
459
723
869
3203
3174
1468
1317
379
2454
960
1514
1410
125
2403
383
26
3031
1120
1986
2999
1707
366
733
356
1003
1381
1361
2292
410
342
1217
298
1536
3127
2121
1451
1062
1460
120
2531
229
1534
1859
439
3083
694
2374
1665
346
1106
997
1458
677
406
2737
1240
1507
2750
2051
1370
1757
3143
2126
2150
1251
1344
919
3086
2941
1600
2180
1880
190
64
207
627
1734
2116
2706
2474
437
304
183
2807
722
1430
954
690
1133
532
3209
1339
2372
865
2700
2548
1817
3136
1277
1950
3202
717
3120
944
2147
94
1731
2313
445
712
2326
143
787
2446
3090
907
2521
2788
920
1502
3139
1086
2289
113
2516
31
1283
1956
97
1416
685
533
2368
861
1894
24
2701
2100
2543
2279
1803
2511
426
3050
2929
2796
759
527
1117
1499
2606
3026
3169
3043
1353
1053
1633
292
147
2314
1889
1982
1083
1107
90
1476
1863
1182
483
1726
1993
496
2827
2556
1775
2236
2127
2887
1568
859
2539
150
2794
1374
1699
3004
702
3113
1773
2171
1782
1112
106
1697
2935
2016
2891
2823
941
1872
1852
2230
2877
2500
2867
1526
234
1247
2113
202
3207
2850
830
3108
1823
1719
2273
779
2854
1916
1765
59
30
2364
2510
2774
12
1192
328
1703
2092
773
435
631
2800
250
1321
480
142
2239
2689
2356
2224
3160
1801
1272
2333
2776
2
1407
2293
623
441
2912
2124
68
857
2708
1420
1612
2360
205
1315
1352
2744
671
1465
2247
1613
100
2581
2536
1386
281
1278
3104
3000
443
230
1390
1245
911
1279
396
1144
2449
578
256
2900
2646
56
2580
1444
2265
448
1641
616
1748
53
2704
1080
2811
1990
2346
2001
1130
845
2760
3142
2076
1224
890
1294
929
1265
1209
1776
1101
512
1359
392
2726
1425
461
681
1280
122
2868
295
2894
1503
2032
1072
715
2660
2498
237
1780
382
1267
1634
2953
3229
2865
884
1815
1046
395
2330
33
3073
2862
1909
285
2387
82
1763
2690
1077
2859
3131
1446
1652
1807
943
2672
1618
2431
1845
1617
2320
2261
829
74
1295
2485
355
1105
2870
3196
2762
1673
774
2828
3145
2450
609
2501
855
661
1674
1442
3069
1316
2423
1745
851
725
2451
2212
1084
475
86
423
2438
213
656
1168
29
2452
2107
2402
2435
2336
651
1228
3132
360
128
1565
1212
2216
3154
1896
2844
882
1452
1984
418
991
946
856
1712
2232
1355
2576
655
3039
2874
2199
2342
749
2039
2787
2767
949
2694
2317
1586
2441
1149
2345
39
2886
157
2789
2172
424
54
1292
2334
718
597
2160
2985
2011
640
1022
9
3079
1049
2778
2890
788
1421
2359
1472
936
299
2141
1931
2432
1362
2483
432
2295
2285
2733
32
1821
442
2715
185
858
219
1721
1356
594
843
3118
674
1427
2335
2527
225
1364
766
1535
2683
2013
2014
478
1186
161
2520
279
1630
1501
3230
481
1658
1175
535
2427
2831
240
364
2958
2730
253
883
988
1558
23
2008
567
1688
8
387
1702
189
3212
602
813
1019
2994
1441
272
3099
2045
1760
1479
2959
1893
3176
1805
2209
2027
2424
660
1959
1040
1854
1908
1856
2299
1486
400
1657
1524
1342
1587
905
1552
2235
2337
2109
2301
1989
1583
2799
133
1419
1572
2366
1611
606
1584
2104
2059
2022
334
2391
2839
1304
178
18
224
2570
2766
2922
555
1992
541
1850
1263
1469
526
1858
354
2716
357
1296
1800
2259
370
1378
1538
868
2546
294
2081
3114
1183
1481
2283
2665
327
217
254
2195
1830
3173
3223
27
2479
141
2048
1081
2355
2803
1945
2695
3188
1023
536
2892
1887
2987
1555
595
1351
2713
378
3205
84
117
1055
468
1045
1851
1275
1043
2663
2371
1667
104
1835
953
1431
2916
1557
479
930
1922
1100
2932
951
1965
1234
1387
111
678
552
1671
3067
1368
1140
571
1254
193
975
2196
1160
2369
2589
1015
2825
218
2362
403
973
1396
1231
2517
169
1756
25
667
2926
2592
839
3059
1798
1964
460
755
1947
872
2542
1411
2278
848
372
1504
2493
1301
226
676
282
1004
110
1923
2553
747
519
1771
187
2537
1050
2942
1631
1148
617
2565
2037
1054
514
469
2340
705
1596
2256
244
2563
1820
1125
344
1971
1438
2728
2416
912
2433
1475
992
2487
109
513
1338
1523
2409
2913
192
2225
1537
3022
2829
2069
506
2664
252
1607
421
799
1870
1334
1118
2056
1347
770
2590
2428
398
2797
1784
458
551
553
524
196
2271
167
599
2020
613
85
2457
3198
2238
1669
3084
2816
2622
2257
2502
2857
1369
2052
1056
3024
3216
3087
2742
2250
316
1358
2914
2915
3075
179
1645
2043
3035
2266
1554
1110
216
3195
910
323
1261
923
2095
2007
3117
345
1578
2155
1995
127
1136
577
1574
2960
1333
1235
1861
1832
1834
1927
2880
807
2729
2978
7
979
2098
2396
1002
2482
144
2169
1169
3110
2928
1099
2674
210
2418
1483
2597
2545
1928
2864
1884
438
199
2243
2488
269
545
486
1860
1632
2937
2042
2696
2534
1670
1154
1360
1200
2936
2461
3227
2263
2907
114
1606
165
1408
2417
1980
1025
1496
662
381
3081
2198
614
1866
684
1051
1204
2063
1593
1467
2769
993
819
1323
510
2596
742
2439
1769
1221
2308
332
1259
812
2170
2972
2294
1705
1701
2268
870
2731
841
2587
2253
730
2897
1571
1717
2408
683
1680
999
2923
811
2603
984
509
1397
1714
1443
2676
752
1385
1774
1197
1919
2062
1740
2370
2699
1434
2686
1285
463
501
3125
1570
2490
1166
796
1610
1115
453
1445
2584
1925
315
2866
2135
62
2125
2162
1930
1300
523
2057
769
1949
2738
2207
2883
3097
2061
1733
1582
2499
2348
2974
2998
456
2086
1131
2768
2252
3190
590
1350
2522
1336
2751
1687
1151
3070
2971
2262
1868
516
1879
581
2736
3126
1007
2015
126
585
135
14
411
1819
739
1223
1976
3189
270
42
22
2413
1901
1951
610
306
3162
2101
710
1666
1743
1203
98
485
2189
377
931
1145
231
1184
118
1828
1494
961
131
2469
2025
2168
3012
727
2275
2176
1838
3193
3166
2568
528
1517
264
2544
1591
709
638
1513
703
1577
2455
580
2442
492
2659
3185
1844
1082
2307
2325
308
451
200
1307
3214
2035
2779
3121
1097
3172
2075
2613
271
1991
2947
3146
654
1867
3047
1335
1597
1297
3158
170
2221
362
303
579
2547
619
3140
622
1985
1853
1093
2702
1749
1167
2034
55
2202
650
358
2826
2117
2018
1075
2712
1330
2533
2248
2943
2166
1527
2200
2903
989
1783
3095
2673
312
2687
3013
1969
758
1384
83
827
1291
548
1708
1404
1759
1491
2357
1727
3085
1691
2111
1522
420
3183
1785
596
2000
2038
2436
669
1006
2120
3181
1981
744
1619
1975
3167
2031
1322
1594
2400
2129
2019
2480
1029
81
470
1103
2783
2956
2367
2472
1028
76
153
673
1529
1439
440
3186
1143
721
1715
2138
1549
1298
3137
2604
449
2840
1230
1585
1952
3112
844
3077
2845
2398
1682
1508
952
1888
847
2756
1114
2670
2122
1672
2558
2743
335
1693
375
2347
2818
1436
572
605
2519
2908
679
875
2373
3056
2419
3042
447
1690
249
2112
1492
1818
642
2309
1357
1556
124
65
768
2819
1173
1509
2734
1654
3175
1793
3006
2222
957
937
278
3060
1402
793
245
1271
2650
2174
1239
1804
1142
1074
729
176
2329
1541
3036
963
1489
1155
181
823
46
2693
822
3062
2473
511
2618
2885
895
3058
204
909
2507
589
1090
1728
3093
2933
648
821
964
1862
2675
137
1495
1161
309
2476
1904
2759
1997
172
251
2992
634
139
2649
530
266
2352
3182
1036
915
2319
600
2223
2601
1605
645
959
2904
1400
664
682
626
1511
1207
2526
1094
2194
1189
1266
1839
151
1598
1924
1914
666
933
2298
2509
1973
238
1653
1809
1456
508
3032
737
892
2529
49
215
3163
808
92
978
2383
2842
2331
2332
1326
2246
373
2626
756
2213
1978
103
693
2718
2023
853
2745
2990
1088
576
1686
80
889
1996
2843
180
1030
1902
3005
840
2976
1977
2497
242
2470
2669
1290
1920
927
1070
3134
1032
2946
2237
313
2217
1946
738
162
1944
1179
1629
554
2966
2895
476
3021
2492
2882
214
612
2505
1683
1660
1905
1753
2612
2447
2443
2586
2884
2466
1689
3011
1193
2267
1890
2684
1770
1454
1796
832
2642
2658
1447
1013
1461
2311
72
2456
2609
2305
1123
484
608
1250
2608
2327
2164
2635
155
1487
1520
384
834
130
1058
2312
1165
2968
1273
20
1751
188
3088
1736
3038
2594
2919
15
2288
429
1102
2354
2148
258
838
1087
2691
247
2525
1664
2832
2909
2157
522
803
1341
854
3051
2735
3199
283
1178
1987
593
2233
1827
1091
11
260
2853
780
208
2070
1096
1921
1205
2144
1005
3001
582
1060
849
2458
956
2997
1180
1153
494
2541
1700
386
592
5
1685
2407
293
947
2004
1723
2532
1466
1041
1134
2514
1478
3217
416
1227
2931
695
2945
880
1079
1608
2291
132
487
2074
184
1515
3138
1320
1422
462
2911
586
2315
1762
1841
77
1694
1146
635
1643
425
762
1327
1778
1127
1842
3144
633
1276
2824
3030
2814
3010
1824
982
894
785
2094
836
1042
1624
1187
659
2167
1150
1052
1068
917
2444
2415
562
2881
2668
2185
556
2077
1915
78
2893
1018
2645
2535
1840
2805
427
672
2186
1735
1137
263
828
105
159
1644
603
1963
2944
1816
3220
3197
1216
852
1128
168
1595
2957
2513
399
2219
361
1299
41
618
2949
604
1348
2114
3164
1423
2605
493
3027
2468
1940
337
601
2821
397
63
431
2781
2575
2820
472
2429
2264
1162
268
566
331
2848
2462
1376
2206
3232
0
1
1027
1857
771
385
2902
2667
2965
2071
969
804
2761
413
658
452
2802
3170
2836
412
2632
2896
1293
765
206
2740
628
1810
69
1119
1885
2629
284
2615
3192
1934
2872
1014
2834
720
276
1638
3065
2105
2381
2017
36
13
1417
289
1270
2630
1589
3074
3128
2405
2970
2096
1498
1047
2561
2806
428
1393
698
588
2215
340
3155
1318
1156
2677
1048
565
352
2671
818
789
2316
2165
2181
2083
1066
2574
2046
1609
2191
2397
1139
2448
2339
2251
1409
223
419
203
409
1957
2600
89
1391
2106
1455
1906
2471
2808
1590
2598
2087
1539
3156
1392
1471
918
2647
322
2771
1811
1913
95
1718
3049
1159
2746
3101
942
1625
2154
2353
288
2538
302
2006
2817
16
1755
719
2099
2192
1767
701
1510
1229
2286
2940
826
1548
3228
2641
2847
1533
692
2739
2080
2053
236
2277
775
2384
2173
2651
232
2228
1089
2028
1312
2137
1163
3025
2453
380
2973
3222
2142
1406
1000
2640
1246
2055
2950
34
498
182
2379
1892
2430
2711
1076
324
401
1569
708
2986
542
2146
2395
2975
1085
879
2131
2804
945
3218
314
639
195
1497
145
3045
1482
3213
1960
265
2068
921
2175
3103
2399
2849
1713
1746
3078
598
1069
906
625
1983
2625
2749
2110
928
624
777
3161
922
1772
2220
1786
575
591
2401
1437
1779
1463
549
1343
966
2040
222
1544
767
349
647
790
786
621
1480
1328
1573
1550
728
2621
3019
351
741
212
2757
338
267
2679
1604
2054
1289
3071
2495
1287
1016
2920
996
287
2201
99
2163
2306
1313
1943
564
763
2991
736
1256
257
2393
228
1331
2203
3053
390
1237
2344
3153
1547
2657
2145
243
488
2380
1210
515
2540
3130
1255
1020
2477
607
2860
987
1907
901
902
391
850
2255
3141
2425
70
3018
3184
704
2341
2496
201
2725
1777
1424
1580
2995
1260
724
935
2300
2567
1319
1309
1635
3082
1394
1967
2044
1039
2139
707
2026
1722
2607
2551
2569
1833
329
2274
2588
1628
632
1010
2633
914
2318
2197
51
881
2967
2703
584
3094
2599
241
2982
3061
1236
474
1329
757
2924
2072
1738
3096
558
1371
2269
2412
2585
300
140
1505
2143
2644
726
2324
3029
175
2338
348
615
2722
760
171
2411
540
3187
2410
3052
2078
1744
2270
197
1692
904
3057
2504
2159
2091
1429
1994
1059
583
1962
2988
2440
1831
173
2955
2296
2276
1011
227
1440
58
1579
499
1724
2060
414
2465
3168
3109
1677
1876
924
2591
1415
1741
1121
2984
1543
2786
191
814
177
860
2358
2554
325
714
2628
2661
1797
415
886
2858
1540
2898
490
675
1561
1111
563
